['scannet++', 'ef69d58016', [1.3815358815720347, 0.7091473666334218, -1.8152791859252029], [4.83767487576731, 5.5642757697680185, -0.966627167294449]]
['scannet++', 'f20e7b5640', [0.5066989323240385, 0.7839537028403418, -1.8678625057400404], [3.4614289987702396, 4.394448228808949, -1.1152780063032892]]
['scannet++', '45b0dac5e3', [0.6844346462539029, 0.3653709872367954, -1.8674228184622474], [1.5788125653953664, 2.570859164041958, -0.5019525341168575]]
['scannet++', '6d89a7320d', [0.5116006269698331, 0.8379837236638676, -1.8776090387936435], [3.5073270977877002, 4.73309912694085, -0.7200445665069232]]
['scannet++', 'e0de253456', [0.20683297166303052, 0.39154019257574146, -2.0061238664921004], [1.2760102978849477, 2.9807661953742377, -0.4171067983573121]]
['scannet++', '9a9e32c768', [0.5787257865806339, 0.6486483520031282, -1.8454087268857886], [4.250029455784636, 7.4105891340092525, -0.7350778105725151]]
['scannet++', 'd6702c681d', [0.635473570436704, 0.633968391728716, -1.834230333567819], [3.265664182491948, 4.8575339775497515, -0.9588490727590492]]
['scannet++', '2e67a32314', [0.3101501035468786, 0.6658515261295327, -1.8426356989137052], [2.5760238005649945, 2.749257236866247, -0.8258968460366968]]
['scannet++', 'b09b119466', [1.0073322478393796, 0.5773984800304889, -1.8200934124910362], [2.085986197236973, 4.240258406784984, -1.154937293609972]]
['scannet++', '25f3b7a318', [0.5424233910932397, 1.1210933734572393, -1.8593805773707357], [2.506127926465483, 5.817043140703084, -1.4512470770545514]]
['scannet++', '3e8bba0176', [0.8048861000326875, 1.1212142144007344, -1.8395453809510631], [3.6254787546046, 4.0521998222489275, -1.212150988249021]]
['scannet++', '3db0a1c8f3', [1.6375329012801705, 1.8319103815054025, -2.0154695633304], [6.700971407658617, 10.60033115617267, -0.9733323054322343]]
['scannet++', '569f99f881', [1.2213965275270222, 0.667414246221903, -1.8086523234726466], [4.7657328760165925, 6.978410008577701, -1.3037921775800143]]
['scannet++', '7e09430da7', [1.3592472145950176, 0.7942463795353443, -1.8401041355580579], [2.241346297237631, 5.554916412910316, -0.9225428058160289]]
['scannet++', '260fa55d50', [0.746688242759188, 0.8297558423287199, -1.8527420017171838], [4.305613368092516, 5.201396465526159, -1.1792268241785757]]
['scannet++', '4ea827f5a1', [0.5142571383659614, 0.9114097613994437, -1.757703682119011], [1.4823300061460007, 1.8027234969913328, -1.1723937414875085]]
['scannet++', '036bce3393', [1.9044447539830751, 1.0364831500133012, -1.8402823934235288], [6.640410517136625, 7.796329081829701, -1.4188460672078413]]
['scannet++', 'e398684d27', [0.9634336958893706, 0.5533824923422898, -1.9949545088461726], [1.7148595493769154, 2.5819002459685882, -1.1933513806952711]]
['scannet++', 'e9ac2fc517', [0.7740060134730506, 0.8386244097781027, -1.8425703771926285], [7.193291632710022, 12.967483969434673, -1.2805164235395439]]
['scannet++', '319787e6ec', [0.8155831505277464, 0.9738092383132717, -1.8765619621841652], [5.296854626762255, 8.414472456611206, -0.7297721975458141]]
['scannet++', 'e1b1d9de55', [0.8426041022294771, 0.630475222328884, -2.021078799260932], [3.77075363075613, 4.739600053108313, -0.7217579434362872]]
['scannet++', '49a82360aa', [1.184862848359304, 0.5698477593094148, -1.5965921531241143], [3.2851641276178944, 7.659494986407109, -1.0425926796489033]]
['scannet++', '64ea6b73c2', [1.026419072838287, 0.8485791373869161, -1.8120713229850358], [8.004299235186911, 12.801622530848757, -0.9114792710495615]]
['scannet++', '07f5b601ee', [1.1415688316020813, 0.9333250442140538, -1.8939212741276588], [4.0923377344467795, 4.747176191950359, -0.631810442586916]]
['scannet++', '38d58a7a31', [0.43040427027294287, 0.888993827516198, -1.9267269088221075], [7.30482291598519, 7.566543444139786, -0.755394385251704]]
['scannet++', 'bc03d88fc3', [0.6401837304710575, 1.0493484661925234, -1.8825857782909023], [3.601549522394998, 4.572511664886261, -0.9592847897010377]]
['scannet++', '55b2bf8036', [0.5645344992889563, 1.0463626941166317, -1.943837614809886], [3.369082270459811, 4.765002788247736, -0.7324292507536129]]
['scannet++', '15155a88fb', [1.6054506791507739, 0.6119923528001238, -1.8441588858692903], [2.4738931704579574, 3.5366438932052566, -0.8981494050890088]]
['scannet++', '1366d5ae89', [0.5859072148245366, 0.7620656267511889, -1.885716698608677], [3.525782510639832, 4.787889315659317, -1.1184563552632094]]
['scannet++', '303745abc7', [-28.437322637222575, 0.4750911094525493, -5.609595280406243], [2.075774771719368, 13.631391449929275, 1.342763100175367]]
['scannet++', '6855e1ac32', [0.7664851754411205, 0.6202598556445894, -1.9537068699835844], [3.258470340070633, 5.5926664421397865, -0.9521804867874617]]
['scannet++', 'da8043d54e', [0.4487230475160366, 0.6195381238461096, -1.8819925492473382], [3.6152966397241157, 4.442851188901344, -0.6265989216476257]]
['scannet++', 'f00bd5fa8a', [1.842539455859023, 3.4194174390097047, -1.9231920586719717], [5.156595042499735, 6.841515549730205, -1.503796121376927]]
['scannet++', '497588b572', [0.8505678180752495, 0.5942240266644648, -1.8033207100284103], [5.237904123499619, 7.071629900735795, -1.2910025250439399]]
['scannet++', '30f4a2b44d', [0.6628230309774843, 0.7716805347413422, -1.812514345359523], [3.3659903219734626, 4.1229024877484655, -0.9554962103180622]]
['scannet++', 'ca0e09014e', [1.1120100611376709, 0.6826786960402306, -1.8580401182968196], [4.6184811377916075, 5.628965347342077, -1.2342531893901745]]
['scannet++', 'c24f94007b', [0.8057707901452756, 0.5587998445685536, -1.7675616006549728], [3.117185847695816, 4.200130825778611, -1.218640581959066]]
['scannet++', '961911d451', [1.1480296217015633, 0.537798925188059, -1.6289892664855026], [2.802464185462681, 3.1087074871444726, -1.07769496836252]]
['scannet++', 'd2f44bf242', [0.5666383490181253, 0.6662675465087854, -1.7568523048145102], [3.5964632052278827, 4.256395476780101, -0.8289768461589984]]
['scannet++', '4318f8bb3c', [1.552463671431117, 0.8840451632660833, -1.8276135336680608], [2.2712344973259024, 6.186348331712215, -0.7786744726258454]]
['scannet++', '8e6ff28354', [1.2044606937849909, 1.172286344640639, -1.7203715755971702], [5.630770098744312, 5.850545089107387, -1.304565895719907]]
['scannet++', 'f25f5e6f63', [1.0099905241696099, 1.1423584902650625, -1.8804429113012446], [5.844292481865919, 7.717993892218101, -0.8866922703487191]]
['scannet++', '1a8e0d78c0', [0.5526070837056815, 1.1365861877557943, -1.821773772894847], [3.541187154893393, 4.561445052252433, -1.1939530772044442]]
['scannet++', '99fa5c25e1', [1.7866245833134256, -0.2813187973797081, -1.763214336473171], [3.074900899090646, 6.672200017041994, -1.2695851419383608]]
['scannet++', 'e6afbe3753', [0.674217959821354, 0.5693481058035488, -1.9882114960431165], [1.5300857943755044, 4.052759781335163, -1.154779813481894]]
['scannet++', 'c856c41c99', [1.1547298551355387, 0.7208434247841257, -1.7838687174396113], [4.128855577969222, 4.5145552467467605, -1.3171097771132008]]
['scannet++', 'a24858e51e', [0.6312828895103458, 0.906382772898802, -1.775706668816495], [3.0224922458785146, 4.493434797211238, -0.704308858258837]]
['scannet++', 'e01b287af5', [0.6577176055714282, 0.5828691021693749, -1.7351907539782119], [1.8322112949415583, 1.6789782281059324, -1.0734435166511411]]
['scannet++', 'a980334473', [0.505087103314117, 0.7559968694721712, -1.928984658573], [1.5994013268180878, 2.1363725470410495, -0.762609226623226]]
['scannet++', 'e91722b5a3', [0.6960175572932665, 1.1797006163779944, -1.9456966036121424], [5.215001091456543, 5.609012349787872, -0.8624518355824968]]
['scannet++', 'ea15f3457c', [0.6024174856167356, 1.3115365988020198, -1.7819030690141182], [3.564087906546458, 4.493479876685774, -1.1792323612951088]]
['scannet++', '68739bdf1f', [0.5269375095822751, 0.9771658209597197, -1.871215196479252], [1.5386031353240155, 2.4156276188582266, -0.7691744085676638]]
['scannet++', '5298ec174f', [0.5223671268655812, 1.3733685024486553, -1.964374688540907], [6.350637461426536, 8.242204517766659, -0.869753387490441]]
['scannet++', '09c1414f1b', [1.5370494061495696, 0.9650852898966008, -1.602983483899765], [7.821165038995799, 6.749267187188269, -1.3127664143493187]]
['scannet++', '16c9bd2e1e', [0.9702802284335099, 0.5997756131169721, -1.7527829504241066], [2.180083409961681, 3.6819957569723165, -0.6148913778949675]]
['scannet++', '0e75f3c4d9', [2.1525100998739046, 0.5715816472608148, -1.8117233041354628], [5.940972340050269, 9.291909037807377, -0.6556358359885794]]
['scannet++', '7d72f01865', [1.0546897748019683, 1.4214562029711284, -1.7687445357790506], [5.820883148457331, 12.453786757085364, -0.9679278582359412]]
['scannet++', 'a08d9a2476', [0.7437577925729264, 0.4325028104764444, -1.793117720974445], [2.724769618167556, 6.4646604512527235, -1.2059900774132823]]
['scannet++', '8f82c394d6', [1.0771382645135508, 1.108504732651071, -1.878198804883192], [2.0288044576891977, 3.9267430413483173, -0.9124031709028811]]
['scannet++', '954633ea01', [0.6619527406338074, 0.637213698461474, -1.6959395408336784], [2.1435884656302275, 3.520059525732007, -1.0773645030721237]]
['scannet++', '6464461276', [1.0981269541476388, 0.9507104814227333, -2.03038938904176], [2.9079697808047005, 6.532224287922151, -1.0004154567731152]]
['scannet++', 'd6d9ddb03f', [0.897703779860051, 0.8677281928960001, -1.7440147671031687], [3.5215293487249535, 4.257882291420261, -1.2943373473158288]]
['scannet++', '25927bb04c', [0.6064364307665879, 0.4988433059776053, -1.878313601772231], [2.166444197805398, 3.5003728958743707, -0.8882735054186526]]
['scannet++', '6ebe30292e', [0.721678865580886, 0.553405676552906, -1.8661603310447075], [1.7339405835082384, 4.475902771696161, -1.2887655468541934]]
['scannet++', '52599ae063', [0.9792097280747464, 0.6594498980449883, -1.895744573531314], [3.6487856667855474, 5.593083172594116, -0.630433641517798]]
['scannet++', 'a46b21d949', [1.0168460902562941, 0.877222217000306, -1.8304262953098418], [1.7646537329602336, 4.441310962944939, -1.134684822944483]]
['scannet++', '1be2c31cac', [1.2783476220335426, 0.7013066196613165, -1.8696878791768274], [6.137102197243413, 6.660245910691402, -0.7924262164342477]]
['scannet++', '02a980c994', [1.4023455668075875, 1.8718002176125852, -1.6706721866037444], [2.4445285114576234, 4.373067737367295, -1.1578302447419297]]
['scannet++', '67d702f2e8', [0.7679246689200995, 0.9565705194572539, -1.7636786505793702], [2.5593697264231388, 4.72187288457876, -0.7731843618559633]]
['scannet++', '2e74812d00', [0.8509476213170075, 0.6706563860351337, -1.6925909874218328], [4.629684659987616, 6.837749674106329, -1.0527038597681493]]
['scannet++', 'f3d64c30f8', [0.8470062063758032, 0.7888032280458369, -1.8920414112168744], [3.912861802642131, 5.242611818334726, -0.7908831911512489]]
['scannet++', 'ab046f8faf', [1.171236638923576, -1.365009729750734, -1.676581991566066], [2.2836643553175944, 4.059065157740763, -1.1628460807263905]]
['scannet++', '4422722c49', [1.3800997207961407, 1.0287873718315321, -1.900604862292706], [3.2047698142816725, 5.466003728153572, -0.9088285769379901]]
['scannet++', '8133208cb6', [0.7195643161700851, 0.42119211589503774, -1.6513100814019368], [3.350302945851816, 5.064382003503574, -1.346027181245634]]
['scannet++', '5d152fab1b', [1.5299843548358154, 1.073703421731258, -2.0289620321971453], [5.1818477479903615, 8.843306698274102, -0.5277155676119267]]
['scannet++', '47eb87b5bb', [0.5890883217248835, 0.44762047906260277, -1.842960519365372], [1.5052329909491238, 4.059165938496157, -0.7649395690157905]]
['scannet++', 'bd9305480d', [1.033601607468151, 0.5636707707722716, -1.78171742731621], [1.6022602329876643, 1.8333576124904931, -1.1103058286502971]]
['scannet++', '419cbe7c11', [0.6204950773909852, 1.1659819256820738, -1.7788832641321195], [3.4463461428506066, 4.606161602050867, -1.0201315139961866]]
['scannet++', '94ee15e8ba', [0.6579781258384471, 0.9169710466926028, -1.8602879137990869], [3.6445566285102076, 4.461539530488011, -0.7391738227009573]]
['scannet++', '39f36da05b', [0.6187822576085319, 0.643047078641932, -1.87720749272568], [3.6316455616233108, 4.412028130991272, -0.6946068194527428]]
['scannet++', 'ba414a3e6f', [1.494450765533015, 0.7753607716142537, -1.8469463993588673], [3.379256572297836, 4.341568364909635, -1.008016056173551]]
['scannet++', '8d563fc2cc', [0.5186505863616495, 0.6081680592905883, -1.84051782860565], [3.449802717767619, 4.365634249839851, -0.6680754563079349]]
['scannet++', '8283161f1b', [0.43366007309134597, 0.5116023664771129, -1.8038496130929915], [3.1973913546469, 6.831177409662671, -0.6357571710578063]]
['scannet++', '825d228aec', [0.6051674286185377, 0.9695069479947318, -1.9140176916195055], [1.2307201119980096, 2.212648752760161, -0.8515991729316559]]
['scannet++', '2970e95b65', [1.3324659110352741, 0.892698760760157, -1.883025079357862], [4.960715553918038, 8.749513844532435, -0.9416328876095585]]
['scannet++', 'd662592b54', [0.3596069651324116, 0.8479301477692759, -1.8953164726631875], [1.7282730089130478, 4.761710760548441, -0.9077100525018461]]
['scannet++', '116456116b', [0.4134073619667481, 0.660699267248175, -1.7900508432706532], [3.438030112249808, 4.058078202873448, -0.7570040771760554]]
['scannet++', '1d003b07bd', [0.8754546415566177, 0.7710597336065506, -1.8604200859601088], [3.3930568040289844, 6.510731560979518, -1.110935429147488]]
['scannet++', 'd070e22e3b', [0.33332686294316083, 0.6436579067314854, -1.7620494699318394], [1.5654291944800949, 1.914704166665193, -1.3081692383501027]]
['scannet++', '8be0cd3817', [1.667080139811972, 1.2999570537778236, -1.7883699572112652], [3.9111316859625336, 6.167877885314554, -0.7144643092112583]]
['scannet++', 'c06a983e63', [0.830897113347931, 0.8140875775972117, -1.8159253767745063], [3.5788762930076525, 4.474725690815535, -1.0739939564684242]]
['scannet++', '124974734e', [1.2771587594506097, 1.317678011854165, -1.8270360607477254], [5.651794493887728, 7.6493888750209935, -1.1408414331741858]]
['scannet++', 'c9abde4c4b', [0.6071145364746108, 0.9213260778787993, -1.785657699701164], [1.0977007342584788, 2.6647512001760023, -0.6943147030528051]]
['scannet++', 'beb802368c', [0.8713812706627793, 0.8565251283121745, -1.7211281441403041], [2.1011006189861625, 4.7181373158446664, -1.3560343854808665]]
['scannet++', '75d29d69b8', [0.5280725754318712, 0.4736284801459905, -1.8246087953807053], [1.5595464564770933, 4.5923468703789245, -1.2979817969867014]]
['scannet++', 'a4e227f506', [3.9717664021579466, 0.8403423546911312, -1.6000233438502385], [7.278837209000147, 6.237389229301636, -1.3646949495897223]]
['scannet++', 'd6cbe4b28b', [0.69396813152158, 0.39304769062520484, -2.124772805819356], [5.90731042632187, 7.16870011874517, -1.6159747655707608]]
['scannet++', '54e7ffaea3', [0.4890819073651269, 0.7675306324985707, -1.8117735553605547], [3.9348075979251993, 5.384803397612959, -1.2689990615149678]]
['scannet++', '5371eff4f9', [0.7209190109114985, 0.83495553096112, -1.9497016912514125], [3.9552242954866874, 4.934366602740818, -0.7118653693265696]]
['scannet++', '210f741378', [1.7895683072469826, 0.5562063415895382, -1.9078959068400567], [6.663448822720644, 7.314520896260675, -1.3111808329956463]]
['scannet++', '77596f5d2a', [0.5947899066708996, 0.7689611240474025, -1.7960201140340781], [3.6855478702154527, 4.490669649253976, -0.7576785979006379]]
['scannet++', 'ab6983ae6c', [0.7315054210785411, 0.6600859850984654, -1.8815239189498572], [4.739784259522844, 6.829453977284963, -1.3781523037256938]]
['scannet++', '9b365a9b68', [1.1178880524632975, 1.1956143909445616, -1.9629588072284305], [7.2745936746219995, 11.358034732403189, -1.1945836742083416]]
['scannet++', 'ac48a9b736', [2.0926117706583556, 2.2403075442552884, -1.6527329528516417], [11.372209241848555, 14.40664306435362, -0.8911418274155399]]
['scannet++', 'e8e81396b6', [1.0081237431867813, 1.544728106344576, -1.7872887598091385], [4.84662957814665, 6.229329047986671, -0.7691637638818342]]
['scannet++', '9663292843', [0.7602696843547899, 0.47217072079266803, -1.8280242375168496], [2.646487848614824, 7.649417886340963, -1.1771657952304622]]
['scannet++', '280b83fcf3', [0.7511756618888256, 1.2803509997238947, -2.1057967359465155], [7.018217954699146, 9.968011327262607, -0.8029528955040401]]
['scannet++', 'e050c15a8d', [0.6871663013080241, 1.1572704798014797, -1.7146871819280387], [3.4878351673833343, 15.45111496764051, -1.41366814622469]]
['scannet++', 'd755b3d9d8', [1.0388345461960002, 0.9907555702288844, -1.7314506091683002], [2.6433059990188608, 4.140355476886915, -0.5725132137414903]]
['scannet++', '54b6127146', [0.7536730298957859, 0.715750326653967, -1.6336360850419136], [3.5313350582211687, 6.562167269276164, -0.7767501529747954]]
['scannet++', '5656608266', [0.4682743093129999, 0.5817473452466454, -1.9584874660037168], [2.325000142390088, 4.233155181678228, -0.6203455871779132]]
['scannet++', 'e0e83b4ca3', [0.8090728992700595, 0.5392285659833013, -1.8142340287725833], [1.9336273660747845, 2.4756922755684627, -1.2575773149771172]]
['scannet++', 'b20a261fdf', [0.6210830306896752, 0.7222608874309624, -1.804098031954717], [4.911370391037654, 5.324177698949518, -1.238914968263343]]
['scannet++', '21532e059d', [1.0067655030979343, 0.689217360633746, -1.4571107818978992], [1.9566087552047031, 2.105491344800877, -0.703647543740971]]
['scannet++', 'bfd3fd54d2', [1.0400851657011645, 1.0984000123150928, -1.7855192995256473], [4.107467950308493, 4.1609625583466014, -0.9181784655872529]]
['scannet++', '728daff2a3', [0.7402623664875297, 0.45524571691184323, -1.7334280523291752], [3.246298284528547, 4.617058903463304, -1.134042848984035]]
['scannet++', '08bbbdcc3d', [0.7152225052332281, 0.7669105504964927, -1.838086327695167], [7.349533338665719, 7.1105324974167745, -0.5480760556805354]]
['scannet++', '61adeff7d5', [0.8671509025354571, 0.6908648161576967, -1.90855237174036], [5.237212082122279, 10.78675700902352, -0.9388134786568222]]
['scannet++', '281ba69af1', [1.1745530662431836, 1.1867301987333165, -2.151168030178782], [7.360979402118556, 12.176671288842838, -0.7593850118769495]]
['scannet++', '21d970d8de', [1.2620868744644593, 0.6813599582234454, -1.9872653947695218], [8.114929867008676, 7.818038485619018, -0.8386193829547566]]
['scannet++', '41b00feddb', [1.3221473279572091, 1.180503655017257, -1.9146628970237838], [6.023016962513936, 7.534023162422886, -1.172409471207512]]
['scannet++', '251443268c', [0.5745400626135279, 0.5186855843798903, -1.9842859298804163], [2.084660435846144, 4.390499502128651, -0.4263206895167071]]
['scannet++', 'f3685d06a9', [0.5549661751356648, 0.5775203539397366, -1.9463923239899077], [2.2553561189344604, 2.622262883842886, -1.2158269896085148]]
['scannet++', 'f2dc06b1d2', [0.6318672565733578, 0.8482258690203828, -1.9095565710298077], [1.4313155238833695, 2.2482162713396794, -1.2421808905591867]]
['scannet++', '7cd2ac43b4', [1.697493114539734, 0.7248716556374664, -1.9475744377598974], [2.6404910656686487, 5.261544037346514, -0.6653798343499474]]
['scannet++', '633f9a9f06', [0.5427743602235667, 0.3853014424268231, -1.862559542517817], [1.0920877266173246, 2.090790979535422, -0.5547625730889871]]
['scannet++', 'ada5304e41', [0.9336554036643924, 0.6037574860726768, -1.8406997437903287], [1.844813819718347, 4.320642860838785, -0.9209980287942311]]
['scannet++', '27dd4da69e', [1.2122985262424104, 0.7933856372058334, -1.7932899810178806], [6.086441216000304, 9.334296936892668, -1.2403533677009866]]
['scannet++', 'c50d2d1d42', [0.715376334074891, 0.98898333752827, -1.8789391595272873], [3.846329773479635, 4.835004270644958, -0.679049431734681]]
['scannet++', '108ec0b806', [1.4611489408113643, 1.1581553226603822, -2.258440523239122], [5.921753241757762, 6.416610965533365, -0.7851071769594062]]
['scannet++', '286b55a2bf', [0.5015201960033268, 0.30407144805388114, -1.846982480791749], [1.0622712034997996, 2.226730185666268, -0.6759159820098902]]
['scannet++', 'ebc200e928', [0.4108315583541467, 0.640699148697323, -1.755728671602647], [1.5736637240931381, 1.6882636937869269, -1.0708490344702524]]
['scannet++', 'dfe9cbd72a', [0.5007573563837222, 0.732362452804151, -1.903078524619728], [4.618472973358451, 4.670000940794999, -1.3090386292059282]]
['scannet++', 'eeddfe67f5', [0.5934561392591029, 0.7695378111354536, -1.7056983499735916], [3.0339128544063954, 5.710415832876549, -1.2496962164752339]]
['scannet++', 'f5401524e5', [0.8663037765372666, 0.5484680286393041, -1.8882628864578748], [1.5276794036111123, 2.5539312029962105, -1.2805144321908035]]
['scannet++', 'a8bf42d646', [1.4247959940410702, 1.3368950136423685, -1.520948446549228], [5.509249912249874, 8.053461552681238, -0.7475941869716349]]
['scannet++', 'bde1e479ad', [1.7981585092521064, 0.8828437906112165, -1.855586940361065], [7.9046902597689845, 7.728940918101254, -1.2784386211683387]]
['scannet++', '31a2c91c43', [1.3615257944842685, 0.8166456691639327, -1.7260934672795003], [2.060053732302392, 2.2703102832429884, -0.6845911117045202]]
['scannet++', '1ae9e5d2a6', [1.0845325707943314, 0.9674641081085837, -1.7598665264206692], [3.790173703286094, 4.746738707479205, -1.3077999959517161]]
['scannet++', 'b09431c547', [0.47960108319263367, 0.3792179261551766, -1.8095496749199926], [0.9223460138942478, 2.054202672191391, -0.7311502251174313]]
['scannet++', '5f99900f09', [1.077069177608168, 0.6757158768494601, -1.7508872651389296], [4.597534691052787, 10.261722176891123, -1.2331192576889853]]
['scannet++', '5654092cc2', [0.49128382950553257, 1.5820592352509713, -1.8812840556508523], [2.5211112300727563, 3.759018408686462, -0.6394937874922567]]
['scannet++', '480ddaadc0', [0.535396004387773, 0.7114121122448078, -1.9368166188957052], [3.2608610542775853, 4.0313967538916815, -1.31719949255114]]
['scannet++', '578511c8a9', [2.464288546668454, 2.881113865445658, -1.6499757754934679], [10.256280655977378, 11.201744726913372, -1.1350909073594044]]
['scannet++', '893fb90e89', [0.4065107562606337, 0.2601682202720201, -1.8433346527032057], [2.018530879434643, 3.665381199631124, -0.5520156411903888]]
['scannet++', 'f248c2bcdc', [1.4856519594147921, 1.0035297120049114, -1.8685144952877384], [4.635836076228408, 7.068232583571796, -1.3217712402836592]]
['scannet++', '80ffca8a48', [1.139080358585875, 0.8617977466144927, -1.9773332555372476], [5.718784626402899, 8.578493763510837, -1.3485747740734775]]
['scannet++', '5fb5d2dbf2', [3.0341755519664826, 1.0491293416909433, -2.6395171928079493], [6.871295365526291, 8.316971084576165, -0.7619094339122797]]
['scannet++', 'b1d75ecd55', [0.8014058479370347, 0.7265663317485535, -1.7017060701607223], [2.2120454546593225, 2.834580714361834, -0.7431780647487821]]
['scannet++', 'cf1ffd871d', [0.5714592926521899, 0.455804256095698, -1.9098626195737727], [2.723510184433314, 4.340688507306067, -0.7282375414114398]]
['scannet++', '8b2c0938d6', [0.387094390405585, 0.6626638415667119, -1.8281043474804974], [3.3285156111449643, 4.3993550276223825, -1.248666881115209]]
['scannet++', '4bc04e0cde', [1.3331293037716916, 1.0800337333487915, -1.7157059695380577], [3.12741523125946, 4.748345681547899, -1.1216695843167976]]
['scannet++', 'c0f5742640', [1.1154267571068153, 0.7481751144118731, -2.003470990323117], [2.5385778718846876, 3.50043890586752, -0.6342779742741169]]
['scannet++', 'a1d9da703c', [0.7352815343308413, 0.564061647493325, -1.8377847288856297], [4.490899170085127, 7.225186372326517, -0.7947509606940824]]
['scannet++', 'be2e10f16a', [0.5763653064540689, 0.8649242097496069, -1.783544595701114], [3.448832002890735, 4.432978745848807, -0.8460690314806047]]
['scannet++', '4ba22fa7e4', [0.7352241941269944, 1.09655663317866, -1.907204822380354], [3.8252996297597672, 4.017221427881758, -1.114801930818937]]
['scannet++', '66c98f4a9b', [0.9436627622285054, 0.641571509269085, -1.9401667584084414], [1.7724470212148329, 3.037510532496207, -1.2208702253348473]]
['scannet++', '7f4d173c9c', [1.4444989067958578, 1.1474571890841723, -1.7438102636817616], [5.382308629347422, 7.001181770089747, -1.1135874632465292]]
['scannet++', 'dc263dfbf0', [1.140865446768759, 0.3954462428808038, -1.9151751081469048], [7.405730729376851, 7.566027031782411, -0.646710456603606]]
['scannet++', '84b48f2614', [0.9696622128990158, 0.704201049962791, -1.8380893972660128], [4.741973397500464, 5.7478768521885195, -1.3013490581410347]]
['scannet++', 'dffce1cf9a', [0.5269036645933859, 0.5468732765839274, -1.872326434748844], [2.193250530475311, 2.8344311531874897, -0.6167194844887638]]
['scannet++', 'be91f7884d', [0.840987918085056, 0.7000427797813493, -1.778083382764887], [1.456524409919239, 1.654258239101897, -1.155197829081232]]
['scannet++', 'e9e16b6043', [1.026659636147686, 1.3426990695899665, -1.5144118348729292], [3.1352185438895392, 3.0348040751959853, -1.2332717858767888]]
['scannet++', '8a20d62ac0', [1.5419200515331908, 0.8474561103538675, -1.7292569230415207], [2.3891303919699864, 3.1527298146238487, -1.4091029925135738]]
['scannet++', '394a542a19', [0.5317553318402386, 0.6660856388723672, -1.888728390032462], [3.12373057646856, 4.989199192133854, -0.7570646449749561]]
['scannet++', 'b26e64c4b0', [0.8923819148719413, 0.6749714310127699, -1.56036806600972], [2.696165384597659, 3.818135056402387, -1.2567956013007928]]
['scannet++', '3e928dc2f6', [0.5804626363739093, 0.5384630053879, -1.7794859863021883], [1.668669151990706, 1.8165996046072201, -0.9365277801846956]]
['scannet++', '74ff105c0d', [1.035073697811015, 0.6661949942300304, -1.7813364955549547], [1.788814151549213, 2.90162257528281, -1.2292135474071217]]
['scannet++', 'be66c57b92', [0.6899864051186276, 0.8714270160584217, -1.8059764105587726], [3.8580414483830547, 4.709979289053435, -1.1828203186456143]]
['scannet++', 'fb05e13ad1', [0.7568484149802629, 0.5572372423109185, -1.7985803703283416], [2.065476013701397, 4.6179533701824065, -1.2947378565678305]]
['scannet++', '0a5c013435', [0.7578160897547815, 0.5150170148219122, -1.8556462830297071], [1.505272672406607, 2.1300251484812884, -1.315319063495872]]
['scannet++', 'b5918e4637', [1.0094999100372246, 0.839373760248293, -1.7787619458980701], [3.903782049099738, 4.851666197193025, -1.1870673557160227]]
['scannet++', 'c0c863b72d', [0.4398981958169252, 0.8916370770965442, -1.792672568109134], [3.3962550312457456, 4.533429290471156, -1.2982713795664893]]
['scannet++', '1831b3823a', [1.0377630873899613, 0.9149006869005055, -1.734444976985548], [3.2279479064051766, 5.568703366518661, -1.2199374343853393]]
['scannet++', 'bb87c292ad', [0.6238924410004253, 1.2541555173257901, -1.9473241916618962], [5.658051598604238, 8.11217968658978, -0.8013363677985721]]
['scannet++', '30966f4c6e', [0.6173401579210036, 0.6591662642128225, -1.844949437430273], [5.359178021419962, 7.129904442202728, -1.2621289332140564]]
['scannet++', 'c49a8c6cff', [1.025151744927559, 0.6609246606326873, -1.7219400482144107], [2.792774808159876, 3.598219163153225, -0.9886466173321488]]
['scannet++', 'cc49215f67', [0.7803636493797993, 0.7465504502418472, -1.8634030776410972], [3.1211067098672975, 6.316404315043054, -0.8698867559153152]]
['scannet++', '484ad681df', [1.3879397060620096, 1.5609855842553824, -1.679517064143782], [3.3214529391478926, 7.021069048777846, -0.8887499989066101]]
['scannet++', '410c470782', [0.49872834724702714, 0.651808699049433, -1.8686928742996602], [5.65686889893584, 9.410119035441323, -0.8913672056956603]]
['scannet++', 'f94c225e84', [1.3978767871082072, 1.3244949601036824, -1.780523628612949], [4.697765455309951, 6.696924066307279, -1.2107310408105496]]
['scannet++', 'ab11145646', [0.6763156735574622, 0.45925440023723213, -1.9503731347363817], [3.362688756220502, 6.982216491489517, -0.8814305644594717]]
['scannet++', '0a184cf634', [0.5524109308403443, 0.9350471227753514, -1.8572561482328251], [2.359232042713213, 5.769398228473446, -0.7461717197547968]]
['scannet++', '5748ce6f01', [0.7224265138432511, 0.6979833617291691, -1.7213905294571794], [3.4869115191593893, 4.327167960932909, -1.1381306994415519]]
['scannet++', '6ee2fc1070', [0.5158500373391847, 0.6392209885213629, -1.9485144095106208], [2.8646931563371796, 5.153409802805743, -0.8302931790377861]]
['scannet++', '0d2ee665be', [1.7244321514638874, 1.0673756301879187, -1.736602014937762], [3.117225317621095, 6.172170794422969, -1.2787985219729396]]
['scannet++', '85251de7d1', [1.0427990784694212, 0.7187367868506739, -1.8338206315925896], [1.728192267733348, 2.500167443679014, -1.2837547177610622]]
['scannet++', '9f79564dbf', [2.847652532679388, 1.5366869214603303, -1.8696231015263682], [8.791598643126632, 8.082351992692466, -0.6602589157590875]]
['scannet++', 'fe1733741f', [0.9071361706322898, 0.49901012353598617, -1.9134346257241654], [4.420168821079951, 10.93091439875246, -1.1751209470358017]]
['scannet++', 'cd88899edb', [0.7169287982358895, 0.7043772788547743, -1.9373901752175848], [3.750905956887561, 5.096511308383192, -0.6126505263828029]]
['scannet++', '281bc17764', [0.7664016712098308, 0.981733735351416, -1.7667403799299444], [3.704983590868219, 4.291448782799361, -1.2821658109685719]]
['scannet++', '18fd041970', [1.432585071250507, 0.7027562779624996, -1.7365315884914172], [2.92364986443763, 6.239911188021262, -0.8133079447888651]]
['scannet++', '3f15a9266d', [1.2729551461295328, 0.5912221102147859, -1.5680992393747721], [2.3890829778532625, 2.530579403406247, -1.280843954192242]]
['scannet++', 'bcd2436daf', [0.6496644669503502, 0.8603885148166855, -1.5955359211062876], [3.073381273770716, 3.858830980807589, -0.8898352913122245]]
['scannet++', '7b37cccb03', [0.5019417403313282, 0.8390728794334462, -1.837640494333737], [3.3741319820715567, 4.380905601228058, -0.8539061164865341]]
['scannet++', '7079b59642', [0.6848976245860402, 0.6246104531235657, -1.584035513670003], [3.176163102800333, 5.589721037030668, -1.2501720699489758]]
['scannet++', 'd415cc449b', [1.3568011900047436, 0.9851760092675299, -1.9708749975274298], [2.742961778123475, 6.364865223457159, -0.7569792375242755]]
['scannet++', 'c5f701a8c7', [0.6530389529061338, 1.395884539112794, -2.1202715541605954], [6.493087812972382, 6.710096909460022, -1.0583840723206313]]
['scannet++', '6f1848d1e3', [0.4685210431310041, -1.0578186619877106, -1.5969487196732766], [5.109591738186478, 6.457019202174211, -1.0442758367842537]]
['scannet++', '1b75758486', [0.8949467111213516, 1.4099844452467272, -2.0350006540562675], [5.701684049414761, 7.191079486507738, -0.841919588687437]]
['scannet++', '471cc4ba84', [1.1271876350601284, 1.6203919770928028, -2.126920046678105], [5.947137904229026, 6.287141637837793, -1.4404046422667347]]
['scannet++', '47b37eb6f9', [0.8532437772696062, 1.5425152321296713, -1.9944698851853382], [9.013288788906399, 17.284789618432118, -1.252027133371291]]
['scannet++', '95d525fbfd', [0.607375688675964, 0.9178285027511908, -1.5956007484070163], [6.63999900192677, 9.637461761356313, -1.2724413514328579]]
['scannet++', '7ffc86edf4', [1.0871440746286398, 1.2029721682781922, -2.386510694019283], [7.5271616461226785, 8.81759281968208, -1.293138423697926]]
['scannet++', 'c9bf4c8b62', [0.6417868120178749, 1.7400844312211767, -2.1170034655581706], [6.415305503592341, 10.477493747530195, -0.7133534580157322]]
['scannet++', '88627b561e', [1.264922966946071, 0.6127013521225536, -2.0738837343892302], [5.348165544483678, 12.688256614062144, -1.1765126548477298]]
['scannet++', '3a161a857d', [0.6352767741091451, 0.9955770769920019, -1.8490739988449947], [3.7301142946290473, 4.296122810944645, -0.6395513242687438]]
['scannet++', 'b074ca565a', [0.5331297386495221, 0.8696284016438962, -1.709749497754119], [6.058980997523545, 9.536049857285915, -0.7361777239732076]]
['scannet++', '50809ea0d8', [0.3770559042193718, 0.8122649638881532, -1.8938108754102825], [3.8578080234281096, 4.191895844563796, -0.7473818690471762]]
['scannet++', '37ea1c52f0', [0.5567474085023696, 0.47453949934192974, -1.8902041165368533], [4.312438212532353, 7.225282956480569, -1.2485019674827094]]
['scannet++', '6115eddb86', [0.7951201642504261, 1.277679801137602, -1.9017611482967747], [3.246775924177268, 6.069456975685033, -0.9546866321179351]]
['scannet++', '2a1a3afad9', [0.5042596645310689, 0.8313593492896608, -1.7100505683256428], [3.350658786632657, 4.042611484836455, -1.211683228060231]]
['scannet++', 'e7ac609391', [1.4509199796202406, 1.3769046741718278, -1.8338100785110594], [6.270668185062269, 7.2731590099650605, -1.2255324625374708]]
['scannet++', '3928249b53', [0.4382745258452218, 0.6261950197190556, -1.7723787379474707], [3.3133061339032674, 4.249442995201608, -0.7879418493948285]]
['scannet++', '076c822ecc', [1.4047690524001633, 1.8330475804255588, -2.0191119601768697], [5.863567708605908, 16.057544465089208, -0.5727025689405267]]
['scannet++', 'a003a6585e', [0.4302489739258278, 0.5647222240823543, -1.9946781124962567], [3.0256042119821998, 5.423323651641688, -0.8701873441958233]]
['scannet++', '9071e139d9', [0.7322527802888589, 0.2932817907335353, -1.6128977731161407], [3.6646960429438953, 7.698351640072414, -1.3612016568755085]]
['scannet++', 'ccdc33dc2a', [1.2809091809280575, 0.7506532719100121, -1.9457793214219048], [3.2735343741578116, 4.938873847390145, -0.7422456479345573]]
['scannet++', 'bf6e439e38', [0.5572439699442332, 0.89504060784054, -1.7656522228493687], [3.567608997915133, 4.6867740831031215, -0.9357882249643728]]
['scannet++', '047fb766c4', [0.6283484912868533, 0.8137299305230425, -1.8874376344642365], [3.5453830335806735, 4.410961863127602, -0.994988013797664]]
['scannet++', '9e019d8be1', [1.099349853842122, 0.6976813744574519, -2.001365654038917], [2.8417264136149263, 5.336656397344187, -0.6980988805672309]]
['scannet++', '7eac902fd5', [0.6498893091193056, 0.4278297838470515, -1.8202717599529128], [1.2295624171199602, 2.330771796396291, -0.925444178694822]]
['scannet++', 'd4d2019f5d', [0.6705661224086292, 0.52169946403548, -1.6392838604914846], [2.385532712188668, 5.476091479026188, -0.6126026848117768]]
['scannet++', 'f07340dfea', [1.0953952582300877, 0.6183610551589879, -1.723684013620401], [4.692310356298415, 5.186229254411085, -0.7462053018674578]]
['scannet++', '320c3af000', [0.9307892565015646, 1.2203469153775002, -2.0564719285491244], [5.30443599205757, 5.146974528644063, -0.8133665406291921]]
['scannet++', 'c8f2218ee2', [0.5191529637210182, 0.42624233915425863, -1.9246478501449713], [1.541047647000646, 4.516891120539403, -1.2600995761863556]]
['scannet++', 'd228e2d9dd', [0.5484495256430972, 0.5081388272776315, -1.8119850692474906], [3.2787939563032555, 4.5319234700157525, -1.2199808672492338]]
['scannet++', '56a0ec536c', [0.37888367513312243, 0.3532691993333662, -1.8331191544931473], [3.349803770610757, 4.370614075186758, -1.0205995278795548]]
['scannet++', 'd7abfc4b17', [1.3707171392096413, 0.9490621201578218, -1.5035433998843424], [3.3917421075333554, 6.762483113352062, -0.8041014535931557]]
['scannet++', '98b4ec142f', [0.5824719244271619, 0.5055671908452344, -1.742558378601], [4.689492980678838, 9.079945932976571, -1.1115855866656377]]
['scannet++', 'faec2f0468', [0.6584973186933353, 1.265397870343111, -1.523364080008064], [4.217968445652717, 5.8487882611822855, -0.8110994495907555]]
['scannet++', '154c3e10d9', [0.7118249466049016, 0.44318098226477826, -1.7825916154383612], [3.43761093638251, 3.906936752740404, -1.0235461876351737]]
['scannet++', 'e8ea9b4da8', [0.5105706865694063, 0.47020118532073624, -1.7488670094777399], [2.532652178335311, 4.043266232444718, -1.2346582873669583]]
['scannet++', '5eb31827b7', [0.5489575033663889, 0.7899931839091086, -1.6727465406685211], [2.3039651437602986, 4.420902235506067, -0.6976214811429949]]
['scannet++', 'bee11d6a41', [1.511505785953741, 0.8513609950363467, -1.7645383372374617], [3.2013503332136746, 6.016517147902996, -1.2090809793940198]]
['scannet++', 'c545851c4f', [0.8615610766693814, 1.3540921787841718, -1.8457603885213458], [4.228589761803766, 5.959937951031013, -1.4205647305279832]]
['scannet++', 'a5114ca13d', [0.7528797766172491, 0.6471573237163653, -1.6886773420655758], [2.0547807674639587, 4.014608883022038, -0.4622282704790476]]
['scannet++', '4ef75031e3', [2.3673858820165785, 0.7907847102679356, -2.1241019709042095], [7.558422160159614, 13.718505054192667, -1.1735627308088357]]
['scannet++', 'ef18cf0708', [0.9294529693325085, 0.6285652262536284, -1.8705207338036083], [2.8846164710501037, 6.8606313650925514, -1.3141137551143538]]
['scannet++', '0529d56cce', [0.39026691195520075, 1.0578628624797375, -1.9138644318348998], [3.3378849838772147, 4.583775398937807, -0.6455031724892671]]
['scannet++', '2a496183e1', [0.7696790926593514, 1.306978699916848, -1.8671447074809477], [3.6420366354089286, 4.607839667912068, -1.182668362138639]]
['scannet++', 'f8f12e4e6b', [0.3433947117303857, 0.7353899669693844, -1.8953018356722298], [3.4362783712404092, 4.639943861533432, -0.6763711617210875]]
['scannet++', '40b56bf310', [0.7276137785272633, 1.1253535739409677, -1.8497528776313734], [4.941887660316006, 4.60297107779981, -1.2079381997518803]]
['scannet++', 'e0abd740ba', [0.6820375174659489, 0.8835381591828403, -1.8680106471152615], [3.253430745989726, 5.069551107879293, -1.3332326992763954]]
['scannet++', '646af5e14b', [1.661100651964815, 1.242038927257549, -1.932513082015351], [5.449084188286131, 6.660051931271649, -1.249824888772009]]
['scannet++', 'daffc70503', [0.38702950168824757, 0.588358997623487, -1.89848169703096], [3.402430390810451, 4.081431052698493, -0.6900940732612896]]
['scannet++', '3c95c89d61', [0.7889935117720768, 0.7013895529082779, -1.7677330482690092], [2.296101952025764, 4.824273481050387, -0.9124767196727637]]
['scannet++', 'eb4bc76767', [1.5772589215305275, 1.41217764696698, -1.647187447290325], [4.981564540997556, 6.156844250551224, -0.8298449671744831]]
['scannet++', 'a05ee63164', [0.8014400989772541, 0.7674880850816178, -2.478894750757213], [5.918217623965893, 5.609716383864632, -0.43502128893689224]]
['scannet++', 'b0a08200c9', [0.3318231481088806, 0.4974822362911783, -1.92878808058223], [1.6337392212001092, 4.610807549155752, -0.5176160470301274]]
['scannet++', 'be0ed6b33c', [0.40624195773313876, 0.40903938229794196, -1.949295501001956], [1.6860918564689211, 3.2078888842991975, -1.2189767960433684]]
['scannet++', '1c876c250f', [0.9397353783880702, 0.611122624767507, -1.7862927600093985], [1.7420362767856, 2.438022507293415, -0.8271655228128932]]
['scannet++', '9460c8889d', [0.9739530463572578, 0.5984467727522654, -1.8592966465678908], [6.405073685511219, 11.634377626409334, -1.393995034942623]]
['scannet++', '13c3e046d7', [0.8036882437877856, 0.4428302547891514, -1.8143967349831707], [3.295323903708475, 4.6848020016399365, -0.6596371976688986]]
['scannet++', 'b08a908f0f', [0.833796696890408, 0.9026008711998456, -1.7856789324048687], [3.512645869136028, 4.906614979867797, -1.3279175473142362]]
['scannet++', 'cc5237fd77', [1.316394632431068, -0.11391814513207833, -1.747604736372834], [4.193586262984132, 2.8633243090301206, -1.190518680731582]]
['scannet++', '7e7cd69a59', [1.5390021000413887, 0.9203699648436141, -2.2043580413198947], [7.165673631732639, 14.952367566342563, -1.2587795761041964]]
['scannet++', '4c5c60fa76', [1.04285483779971, 0.6974063965228591, -1.910131072384801], [3.01151951764133, 5.408548864532508, -0.8051845069387275]]
['scannet++', '1a130d092a', [0.52773341436998, 0.814060260285478, -1.8242018578626567], [3.46722943052923, 4.430243655793578, -1.370424137033744]]
['scannet++', 'cd7973d92b', [0.5988597781190533, 0.3507475727849543, -1.7832472539853825], [1.143744790546899, 4.26910201023186, -0.8583028195677814]]
['scannet++', '079a326597', [1.604827745400797, 0.9735880997204178, -1.9263103003606226], [3.1843924452547143, 5.272926776573274, -0.6961889023464066]]
['scannet++', '824d9cfa6e', [1.3322802581209323, 1.4055516577073588, -1.8034100009519676], [6.037744989766982, 5.578733434100617, -1.1577002298395058]]
['scannet++', 'a29cccc784', [0.7128921571328298, 0.9083423049367532, -1.8819549667120956], [2.5278332459902444, 5.952081050736264, -0.7002964158441898]]
['scannet++', '8b5caf3398', [0.712368021997491, 0.6840086612482841, -1.7428402531901208], [3.345873995461962, 4.902143012615865, -1.4113699752374547]]
['scannet++', '3f1e1610de', [1.1164360529303803, 0.599681621914042, -1.8493878837564868], [3.9844683658295357, 7.385304878307431, -0.22818356730361358]]
['scannet++', '8e00ac7f59', [0.9620921771102904, 0.8577583811674683, -1.9920192529390308], [4.0832184168139865, 4.768875899433708, -1.3786124171416387]]
['scannet++', 'b73f5cdc41', [0.5744023911314943, -0.44411969514394584, -1.8512410463607551], [1.8558797834195497, 4.495671472876707, -1.087256587845736]]
['scannet++', 'c0cbb1fea1', [1.324227401668306, 1.030773241753317, -1.9221996705152833], [5.150193175268884, 7.86332231635109, -1.2053721800797914]]
['scannet++', '8a35ef3cfe', [1.3276105578747657, 0.747746691262407, -1.6787942887719507], [4.2731401662766775, 7.849252523152365, -0.6331367414606033]]
['scannet++', '87f6d7d564', [0.775714832507946, 0.49450341002881626, -1.8831788938658098], [1.73610363087008, 7.294594178609312, -1.0546513946814533]]
['scannet++', 'f34d532901', [0.8635335873640454, 0.6815359891945628, -1.8352247401061095], [4.644317534451391, 5.883672810696178, -1.1019241990768964]]
['scannet++', 'e7af285f7d', [1.0265909823631345, 1.594230772747097, -1.7788501856431052], [2.2455871342222244, 5.572104448346179, -0.8181097041664331]]
['scannet++', '3e6ceea56c', [0.8547400752798763, 1.0694365775656665, -1.7822993363325814], [3.9708669114214246, 5.242843256988321, -0.49304983778497286]]
['scannet++', 'acd69a1746', [0.6886806719720375, 0.9680075538805819, -1.8091878566449409], [3.9229687839097425, 4.4158199542322665, -0.7034314200232371]]
['scannet++', '06a3d79b68', [1.3027148987958812, 1.4139838563734177, -1.7029931932605498], [3.382453995934035, 4.661284127913763, -1.2587212360241296]]
['scannet++', 'bc2fce1d81', [0.6955662428946607, 0.5029656285390646, -1.9126851326556853], [3.1028363809694013, 3.771774726299593, -0.8730190180595494]]
['scannet++', '785e7504b9', [0.8790156139571318, 1.3237489646937775, -1.8499332548839236], [6.673860969501173, 7.183021568663853, -0.7058193061261133]]
['scannet++', '1b9692f0c7', [0.6827136444393328, 0.3993164589518907, -1.9333860307261674], [1.352515609229319, 4.465582433943636, -1.267721840835553]]
['scannet++', 'b97261909e', [1.0373156988831962, 0.7381146477548519, -1.634830441847079], [3.9216140700081548, 4.842670306330794, -1.2496924868847743]]
['scannet++', '5942004064', [0.9016687956017502, 0.8118073561483456, -2.2824825354347813], [3.7022994051042755, 7.338567365317403, -0.9728745297365853]]
['scannet++', 'acd95847c5', [0.6205295519881031, 0.8066124162119642, -1.676946262401518], [3.3985680578753286, 4.4291176321632895, -1.2759278781162158]]
['scannet++', '9859de300f', [0.6087306466983576, 1.0889741269610327, -1.6296917999359717], [1.4682146161997112, 1.843797468090942, -1.1521019205729879]]
['scannet++', '9f139a318d', [0.6657065543807927, 0.6710910609936275, -1.8635878996406978], [3.2408542868800474, 4.811271722972808, -0.6830037931756091]]
['scannet++', '39e6ee46df', [1.8360052322234373, 1.6065372127020672, -1.9614822454962417], [7.58299445462819, 8.123172558776945, -0.8315887388165998]]
['scannet++', 'ef25276c25', [0.9221210455311986, 1.386749549489334, -1.7680866063683875], [5.876884092802883, 6.119037176146528, -0.9292668785136176]]
['scannet++', 'ecb5d01065', [1.1980549403847602, 1.0037907640539616, -1.8198381022780572], [2.3516898739396743, 6.343492759309888, -0.9607030336965154]]
['scannet++', '45d2e33be1', [1.76899683685518, 0.7629803412832509, -1.7764698915930115], [4.493027592453951, 3.7665625476290594, -1.3899278036774048]]
['scannet++', 'c5439f4607', [0.5884880646582704, 0.8147980036506617, -1.9059131811233447], [3.2664204241656605, 6.071178572567587, -0.6389210034645803]]
['scannet++', 'dfac5b38df', [0.43139789929806904, 0.6139376072654782, -1.788829116102293], [3.5281573406690625, 5.448561197286169, -0.5986829854459929]]
['scannet++', 'aa6e508f0c', [0.7618264017706574, 0.5887224405118754, -1.8274917448310806], [1.4518533671678246, 2.424405923523137, -0.7020572569331905]]
['scannet++', 'accad58571', [0.9605662202380639, 0.4345037457804121, -1.5768705518161208], [3.5466323227359355, 5.5317928859501615, -0.6168470345985162]]
['scannet++', '7bc286c1b6', [0.5048146860133113, 0.3347457769797227, -1.827899757798555], [1.0026691938660273, 2.2267591404536304, -1.0161676322920565]]
['scannet++', 'bc400d86e1', [0.9802977932259836, 0.9578764268255352, -2.0355849888016952], [3.947240740893458, 3.9593771781687006, -0.7616462756811897]]
['scannet++', 'c47168fab2', [0.42729143831529504, 0.9510018955941361, -1.7706951385828502], [3.320490562837295, 5.1659954963669135, -1.0813060492991309]]
['scannet++', '0a76e06478', [0.9661644701030088, 0.8620808928482451, -1.7243856152761048], [3.3336453595285267, 5.851021503931383, -1.1721915282851736]]
['scannet++', 'ab252b28c0', [1.3427476101990252, 0.3195631339142297, -1.7025797445758941], [3.5781127963764923, 3.6435340996505396, -1.3610269700879405]]
['scannet++', '59e3f1ea37', [0.6663771796144707, 1.1769084421102096, -1.883487419170676], [3.8075411289114793, 3.7815765735131093, -1.198834540270353]]
['scannet++', '0b031f3119', [0.6567405071844598, 1.0230391763217719, -1.792234884130346], [4.144510640813565, 7.46742401075225, -1.228802413339625]]
['scannet++', '290ef3f2c9', [1.2543047780923193, 1.0626698328226751, -1.8529360351608632], [3.7561937201141844, 4.552839989337132, -0.7253033126111116]]
['scannet++', '07ff1c45bb', [1.1938681183026592, 0.5544944866206222, -1.8276239391391467], [3.5834138134982307, 4.42623619476662, -1.181428427956238]]
['scannet++', 'bd7375297e', [0.7993590071464709, 0.4748192325480458, -2.420357983702007], [2.708525640168534, 5.643910020666749, -1.3858989746589148]]
['scannet++', '302a7f6b67', [0.5108983416506689, 0.6179437602648884, -1.9714156452568448], [3.031271548726574, 5.138815450962152, -1.1411201679539054]]
['scannet++', '8890d0a267', [0.7152296980750669, 0.7281965288866447, -1.8977769987060107], [2.346906179173628, 5.83294277691719, -0.7627379195254234]]
['scannet++', '651dc6b4f1', [2.211425168844236, 0.9444515167198739, -1.9344579114106073], [5.8920383382109875, 6.003657290858745, -0.506972991354811]]
['scannet++', '6b40d1a939', [0.4515893131864976, 0.46553026404956904, -1.5350840493018454], [3.2200039383729004, 3.992079505452408, -1.3162439779740125]]
['scannet++', 'e898c76c1f', [0.9529226413224368, 0.7238893646631781, -1.7402100100342268], [3.8171691903483906, 5.5966238921721345, -0.9207834578426651]]
['scannet++', '252652d5ba', [1.3774914322596046, 0.8105542279797854, -1.8200685088792823], [3.659891304738201, 4.434092708450074, -1.261804560148266]]
['scannet++', '1f7cbbdde1', [1.045991300018927, 1.2040824531600747, -1.888923316454338], [2.685112160791195, 7.584184410827158, -0.7094353153422943]]
['scannet++', '1841a0b525', [0.4662985000387555, 0.681225595782664, -1.8982969473840217], [2.752842765977845, 6.225510182966155, -0.4183682478365249]]
['scannet++', '6f12492455', [1.0168828435076271, 0.7289056315093368, -1.7842830513480876], [4.234028952659146, 6.81117440990955, -0.8379357148055235]]
['scannet++', 'd1b9dff904', [1.361201413370165, 0.7644419405548231, -1.5878960086826994], [3.334718536659191, 6.175794954197599, -0.7822601626664795]]
['scannet++', '104acbf7d2', [1.713045770635791, 1.3290270822184131, -1.8459512168805867], [5.381589165604092, 8.289775011526846, -0.7218122451631291]]
['scannet++', 'a08dda47a8', [0.5135738983176974, 0.6135895933432111, -1.8421525328826205], [3.6913929410647186, 4.6177731951808285, -0.5319968335430296]]
['scannet++', 'f7a60ba2a2', [0.8148642538477379, 1.018350915538868, -1.7384100493150565], [3.896324802253373, 4.597292992275918, -0.7496079694182505]]
['scannet++', '9f21bdec45', [0.49635132442760643, 0.6596415134477388, -1.9615439917492261], [1.4644784516249554, 2.928153941305393, -1.3929988450640947]]
['scannet++', 'ccfd3ed9c7', [0.6423844844302827, 0.9665120032832575, -1.7562583258758697], [3.4279167424751997, 4.417351128290472, -1.315088630511286]]
['scannet++', '9b74afd2d2', [0.8736104077324837, 0.6957319961558367, -1.7277682372641583], [2.5057277125562654, 3.2857412037743923, -1.085401112180842]]
['scannet++', '54bca9597e', [0.968082143025146, 1.386458551577004, -1.6889329005436937], [4.666870450004391, 6.944390041276513, -0.7514797251444557]]
['scannet++', 'f8062cb7ce', [1.2385726990293568, 1.1432712990844514, -1.886487800007713], [3.093820170869159, 4.3796824871589495, -1.2192000225590756]]
['scannet++', '3864514494', [0.6129005146175668, 0.46983646661258793, -1.867158495038963], [1.039826671712909, 4.302148848770114, -0.9801626299668682]]
['scannet++', 'fd361ab85f', [0.6412758687795621, 0.5901457747013132, -1.8702448099660247], [3.4729335123067924, 4.496313721257694, -0.6631928609987884]]
['scannet++', '09bced689e', [0.5852135846515106, 0.9146001836039925, -1.893895362532218], [3.5265657784502706, 4.117074384317493, -0.7814449080176122]]
['scannet++', '260db9cf5a', [0.402727372748753, 0.675931227555986, -1.6892714581857404], [3.3151298191130016, 4.159789912805148, -1.1955683520704248]]
['scannet++', '02455b3d20', [1.2873631722592642, 1.2464109703818527, -1.8882981027738144], [5.062614021584806, 7.264061453994475, -0.9084719343679736]]
['scannet++', '7831862f02', [0.1694590621264295, 0.5244400723207822, -1.8483386034556315], [5.471447189975101, 6.851766207197178, -1.4073958773890527]]
['scannet++', '7b6477cb95', [0.5538588516855333, 1.1280219249617798, -1.8614016729654697], [3.471836957314265, 4.773774674590862, -1.225741211179969]]
['scannet++', '285efbc7cf', [0.3607728724498431, 0.38119681185046234, -1.841499098595636], [0.97494225158315, 4.41219140548587, -0.7235242984844209]]
['scannet++', '2b1dc6d6a5', [0.5715215956011427, 0.9518341538389066, -1.8197725058981247], [3.663881351772577, 4.580326874852791, -1.0955978877197943]]
['scannet++', 'be6205d016', [1.0986592016852437, 1.3216246661033422, -1.8278616190510708], [6.495085052151388, 6.527418096830645, -1.422965237813822]]
['scannet++', 'c3e279be54', [0.8215265365296859, 0.5540847636736443, -1.8060128925274717], [3.637577744138069, 4.036772421975978, -1.2291052113692313]]
['scannet++', 'fe94fc30cf', [0.8387846019215262, 0.9826255282404159, -1.798163798922378], [2.4645245155132134, 3.646907255096747, -0.6147543501439715]]
['scannet++', '98fe276aa8', [0.8605332610822088, 0.5772453405858187, -1.9606954647696881], [4.041742080008025, 4.9564185475510225, -1.1734885998662843]]
['scannet++', '03f7a0e617', [1.0524646240853106, 0.6582438340050768, -1.6795515357203352], [3.9186743933830837, 6.319692811511002, -0.9045459083881987]]
['scannet++', '5a14f9da39', [0.38563452834672185, 0.27330147837698404, -1.8438828026026883], [1.097811667056283, 4.269659234728796, -1.2731015409722497]]
['scannet++', '0a7cc12c0e', [1.0016282626576152, 0.9508112945130099, -1.8737889606640081], [3.0395827050916076, 5.839252901965879, -0.7653406245606551]]
['scannet++', '7977624358', [1.312274060182197, 1.2599487449476836, -1.7061489615363417], [5.390856944831452, 5.804331243274261, -1.105651492367566]]
['scannet++', '355e5e32db', [1.1160006575697545, 0.8126173301298195, -1.6788409899360601], [5.6836511594047305, 8.746626097676392, -1.1194675830069682]]
['scannet++', 'cd2994fcc1', [0.49466282480919294, 1.0086594420393102, -1.915310289518354], [2.9278757523756562, 4.434943521848792, -0.7970212325873853]]
['scannet++', '9f7641ce94', [0.40531922006253296, 0.459215928947663, -1.8935674173727592], [0.9909939545193619, 2.0429035062070993, -0.8662014388951165]]
['scannet++', '0cf2e9402d', [0.7776374910951662, 0.781290014851061, -1.7118051846300575], [2.0053624861024186, 4.199791097373885, -0.664497268637342]]
['scannet++', '88cf747085', [0.9229629931913371, 0.7210346518070988, -1.932097189740534], [1.9108514280077513, 2.6390148933426247, -0.4791505864611624]]
['scannet++', '1c4b893630', [1.0658898099726573, 0.7766450369219744, -1.9128749550760404], [2.0663229717555103, 3.2003938147192357, -1.3769910903874152]]
['scannet++', 'f0b0a42ba3', [1.066009798826008, 0.4971764313639852, -1.4638952490617319], [1.7216495930256936, 5.26540509584605, -1.2864635408923655]]
['scannet++', '709ab5bffe', [0.9776799472994209, 0.48959090023540663, -1.7766203756137537], [1.6597640091163632, 2.1260256969370137, -1.194665467498889]]
['scannet++', '9471b8d485', [1.035018229766283, 1.3422395417910906, -1.7540164582192863], [5.010472744358858, 5.35835526693563, -0.7357373708046604]]
['scannet++', '5ee7c22ba0', [0.6435312340160697, 0.49289374236365785, -2.093166589623911], [2.1282976819059742, 2.39266816058346, -0.5936969987940307]]
['scannet++', 'ed2216380b', [0.6374626627463359, 0.7472910254740828, -1.8379503749231594], [3.0593294662669375, 4.708544609620786, -1.301437549639327]]
['scannet++', 'd6419f6478', [1.632695491250581, 0.6101628553122573, -1.5065112695173593], [2.8618193773463814, 3.6569972176869934, -0.4133442974769999]]
['scannet++', '13285009a4', [1.218507503876215, 0.6746409604596042, -2.022374527776762], [2.9804797388780155, 10.364124782266169, -0.8934604664461093]]
['scannet++', '11b696efba', [0.6307767945021786, 0.4038364771761542, -1.8042288291217103], [5.875548105344367, 8.237821701432303, -1.2569101209149947]]
['scannet++', '69e5939669', [0.6612168300489626, 0.9990468582796502, -1.8377694484189535], [5.665480980503287, 9.43820116711002, -0.8074932369523974]]
['scannet++', 'a897272241', [0.6784203712216751, 1.0250960969137501, -1.9018835844511506], [7.70783147542065, 7.549624882471433, -0.7178903047411881]]
['scannet++', '5a269ba6fe', [0.5778181226734356, 0.7186289988832698, -1.8003313013823643], [3.145201118179519, 4.335243959873581, -1.2076873350534165]]
['scannet++', '1ada7a0617', [0.7587668863509549, 0.9015224672840509, -1.922537856603475], [3.898700111524768, 4.623888910398238, -1.052869255694139]]
['scannet++', '49c758655e', [1.3357407782299648, 0.5216796840197354, -1.7830439884036342], [2.229241195850381, 5.681297222121996, -1.2737670520522617]]
['scannet++', 'aaa11940d3', [0.44588420729723716, 0.6472019324238809, -1.8708274004651197], [3.446645871838971, 4.646208686458758, -0.6645352774446734]]
['scannet++', 'a24f64f7fb', [1.6610117920076704, 1.2381878375767665, -1.7123682004259604], [2.972055221813848, 3.586853700359137, -1.2077373280707706]]
['scannet++', '1204e08f17', [-0.4778141477759669, 0.5906040294224815, -1.909719315660313], [3.7257415583523077, 5.156412069645672, -1.2422285588849606]]
['scannet++', '4a1a3a7dc5', [0.47673614658847996, 0.9476623931156307, -1.882660627876535], [3.4140047699259224, 4.313750521868912, -1.2891757172789016]]
['scannet++', 'fb5a96b1a2', [1.5864102534306141, 1.6804255103288617, -1.6180484320163124], [6.17948746483581, 5.863272130831033, -0.8517478152274827]]
['scannet++', '7dfdff1b7d', [0.7924191806633993, 0.5403093242762422, -1.9983324791829917], [4.085791753881756, 6.9154742477434645, -0.7509624454261434]]
['scannet++', '40aec5fffa', [0.512528958521101, 0.40197815149078653, -1.99821976296086], [1.1227900678269207, 4.497580873718452, -1.2877744962767295]]
['scannet++', '712dc47104', [0.5015047783310891, 0.611267293015469, -2.048753554606945], [3.469142278945922, 4.433314679196403, -0.800388144419254]]
['scannet++', '32280ecbca', [0.6214479422356235, 0.5101046938340624, -1.9816093697888324], [2.9024719188131844, 6.772816403083615, -0.7755891468636517]]
['scannet++', 'f9f95681fd', [0.5894519901423145, 0.5858418375610981, -1.6618755325782921], [1.288125517091681, 1.7610992875430613, -0.8431377351517709]]
['scannet++', 'c4c04e6d6c', [-0.26008617399041895, 1.3885416331143885, -1.6271454189327645], [6.667109523227468, 8.997405055793692, -0.7782437009634898]]
['scannet++', '324d07a5b3', [0.4681448852256426, 0.6147535299809216, -1.8121178469782389], [2.543926049809736, 6.002420843052795, -0.5930223976006623]]
['scannet++', 'c173f62b15', [0.8845414961836733, 1.237068577499282, -1.8071574956984586], [4.294484044164894, 9.465139488600057, -1.24936326270936]]
['scannet++', 'ebff4de90b', [0.49313105821721986, 0.5059489659447265, -1.7205539031279014], [3.624603144361323, 4.117129993323193, -0.675517821932025]]
['scannet++', 'c413b34238', [0.354458097375122, 0.8472386057034599, -1.8073853590624525], [2.469395609292808, 4.713382099611773, -0.5565816782455333]]
['scannet++', 'f6659a3107', [0.5175558720363577, 0.7310928740871507, -1.9801453909347007], [5.040100264859699, 5.755778638150651, -1.0526333572877047]]
['scannet++', 'd918af9c5f', [1.135310832689457, 2.059973255506076, -2.330593369303026], [7.399359115570093, 11.842061846959039, -0.703028228989182]]
['scannet++', 'ad2d07fd11', [1.4881824567351165, 1.162644892265425, -1.860254639367828], [3.5084958100267576, 4.765831728868006, -0.8955500056040082]]
['scannet++', '689fec23d7', [1.5534621174337089, 1.593102412752261, -1.7717664214577824], [5.136997050582814, 5.164503002270775, -1.2342365309689132]]
['scannet++', '28a9ee4557', [0.9638550845097644, 0.9690661147575967, -1.7790292551763947], [3.92104757946051, 4.423507500890945, -0.8207208308140952]]
['scannet++', '6cc2231b9c', [0.6509110451833976, 0.7514666153623935, -1.8972454978934103], [3.6047378043591354, 5.027480360814268, -0.8578670454492513]]
['scannet++', '89214f3ca0', [1.0921629467641798, 1.0325603496346065, -1.7398449665282938], [5.846358626615978, 5.462768942552968, -1.1156418508098211]]
['scannet++', 'e3ecd49e2b', [0.925056353092976, 0.6312424096473493, -1.6966805048226912], [3.8795190544979934, 4.358971343700994, -1.1375865566778067]]
['scannet++', 'cbd4b3055e', [0.7732703150847546, 1.0482056386368634, -1.8932578531547355], [4.858926317479017, 6.072768580942675, -1.07170923185131]]
['scannet++', '29b607c6d5', [1.6480222390055086, 2.1655398938600663, -1.7623152919783713], [7.563199283693844, 10.841556710606689, -1.2441572292061638]]
