['gl3d', '57f8d9bbe73f6760f10e916a', [-0.06580067985627472, -4.75827505778672, -1.316755789870944], [0.05556980741851368, 4.922493754084174, 1.1868383914762513]]
['gl3d', '585a2a71b338a62ad50138dc', [-3.354136080052887, -1.7403386919489099, -0.07170952421696218], [5.4724055829839955, 3.2048216965330654, 0.04119795940124845]]
['gl3d', '58510bf97072670e72c46ddf', [-0.10504402335303897, -3.8390216140247135, -3.201699373358812], [0.10504402849175172, 3.8390217581033834, 3.2016993822771735]]
['gl3d', '59071f2e5a6dbd3af4130f98', [-4.1366822380727255, -3.2450445329218813, -3.579262001841785], [3.74932809603336, 3.9147336052947534, 4.422426436329859]]
['gl3d', '5c20ca3a0843bc542d94e3e2', [-3.6317917984396995, -2.375765917417461, -3.0686105132265995], [3.565491241657441, 2.4064909072523557, 5.072949964469748]]
['gl3d', '5937505ff13dd664286c25c8', [-3.9654572543983546, -4.387364340235451, -2.6011568232712805], [4.159115452857214, 8.706583098383511, 3.584792706946496]]
['gl3d', '59e864b2a9e91f2c5529325f', [-3.5847002895867495, -1.6967744213918452, -2.900682850877554], [4.576563217178743, 1.4049980694774433, 5.609513335511803]]
['gl3d', '58a07ce53d0b45424799fdde', [-0.1824554450152913, -3.6699883369160475, -0.4200210223385717], [0.10523097740750983, 6.279047531331409, 0.5463766762795891]]
['gl3d', '587b88dfce911104a348580a', [-1.8600012193976643, -4.4017756234428065, -1.025200462461522e-06], [2.7690146965984392, 4.462320935451054, 6.222776062860856e-07]]
['gl3d', '5ba19a8a360c7c30c1c169df', [-3.833620734092231, -2.969783520772544, -3.358136523519907], [3.6385676783205967, 3.1578129818294802, 3.5424270621628526]]
['gl3d', '5894ab309a8c0314c5cee57d', [-5.662627485055478, -3.0437077217646964, -0.011599302732020695], [6.470961678077578, 1.4397513537794342, 0.027980478153334067]]
['gl3d', '589c3c577dc3d323d5578480', [-6.389614086421148, -6.422891914747183, -0.5274714848707686], [6.42423904937527, 6.370739756779916, 0.46649761783146343]]
['gl3d', '587c03f12366dd5d06e27722', [-3.879959206321853, -3.6080312725967474, -0.22500060793564491], [4.579195000768228, 4.07744427522241, 0.1930327082545099]]
['gl3d', '58a07f233d0b45424799ffe7', [-4.487146620265638, -1.2734937972870657, -3.261663930231654], [3.098794648367546, 1.0728712645859324, 4.029634619468194]]
['gl3d', '5a489fb1c7dab83a7d7b1070', [-6.37169313688138, -3.411311320306115, -2.600170247752752], [2.4587570823758704, 4.743274862203795, 5.830920895352893]]
['gl3d', '58a1bc804a4d262a170b2f01', [-2.035193874975673, -4.17055480986014, -4.018265139333544], [2.084798835965928, 4.238173481633369, 4.002771242897399]]
['gl3d', '58563650804be1058523da55', [-0.2750667974093546, -5.426260390480027, -1.9920900100755499], [0.2163106622994122, 2.944547788802956, 3.4565903382749186]]
['gl3d', '586b3db89d1b5e34c282cd52', [-3.675282621393798, -2.010015937961227, -2.7968505215522925], [5.059973625545551, 2.6067273626772147, 4.292855928898653]]
['gl3d', '5890c16b90414422fbeb0262', [-0.20740259696718483, -0.5305201557127623, -6.923086092083368], [2.192299800033867, 4.156281961181965, 2.0916933087665557]]
['gl3d', '5940564ec2d9527ab869f7e2', [-5.4852274648092765, -5.137539586297338, -1.3554863601769371], [3.2879049410323176, 7.224798648082154, 1.2212081516843512]]
['gl3d', '5851165f7072670e72c4860d', [-0.04971455423807431, -3.0244106184868187, -4.360375472647503], [0.038987058845193455, 2.4008475100891484, 4.106374177261871]]
['gl3d', '5abc2506b53b042ead637d86', [-4.837191454817059, -2.1055370216851896, -4.687715762085834], [5.1354845748177445, 2.5402376378878846, 4.332240873077326]]
['gl3d', '589388059a8c0314c5ce718b', [-6.052100671492427, -4.367466650690231, -4.4214038930139585], [6.059680504986902, 4.235672113609923, 4.312914935076588]]
['gl3d', '58d36897f387231e6c929903', [-5.441402726102425, -4.715323528914388, -3.15241942796862], [5.103681356929621, 4.322467233270639, 3.049977594922034]]
['gl3d', '59a452bf9b460239aa5d1c72', [-3.8650396886598206, -1.6972287482131372, -3.570212899585304], [5.581739091172054, 2.47188743671016, 4.1377261047823]]
['gl3d', '000000000000000000000003', [-5.273735403915318, -3.016512220134832, -4.828797134855015], [6.601391671340904, 3.9666302294451716, 1.590442368390307]]
['gl3d', '584c58b77072670e72c03990', [-5.177859037804257, -3.659454233164128, -3.638015213928065], [5.3077363369259905, 3.812161618302724, 3.7527196614381233]]
['gl3d', '5b21e18c58e2823a67a10dd8', [-3.480564957477947, -2.5433398861136416, -2.477755410395319], [4.3736447889237775, 1.4538667609127396, 5.086494208120697]]
['gl3d', '587d15ec2366dd5d06e392dc', [-3.9236550798843144, -4.709544646748358, -1.774955663388911], [4.043492195367038, 4.524515516270721, 1.9238222651866521]]
['gl3d', '5868040c833dfe3f7b8934f7', [-4.1987644228612195, -3.19699708092454, -1.1350984336871777], [4.35944404813218, 3.42808107032375, 1.2064020020772104]]
['gl3d', '589bf6a57dc3d323d55743ab', [-3.634264275207838, -1.0409879297125948, -3.6414419187891487], [3.9588300097906997, 1.0252611581052955, 3.634196765741658]]
['gl3d', '5c062d84a96e33018ff6f0a6', [-3.731287588552585, -3.5109045838919566, -6.101634618665992], [4.970577244873807, 5.075614224438992, 2.62686927400876]]
['gl3d', '58cf4771d0f5fb221defe6da', [-1.7836916962379994, -4.608134287375442, -3.627553320224094], [1.7888510633691472, 3.2767498045579124, 4.119846123527123]]
['gl3d', '587c19da2366dd5d06e2877b', [-3.8171104244413656, -3.854636415619992, -1.6559483176703775], [3.8537670819149965, 3.9359667400477805, 1.641676488328804]]
['gl3d', '58806e422366dd5d06e57bb6', [-3.2628226230123887, -5.09344574381755, -0.10286930633398157], [3.185976187370718, 5.161569430213657, 0.11016961327035124]]
['gl3d', '58636467712e27614690661f', [-2.0860912927446105, -1.8911097982793834, -5.030830552892066], [4.202119810616418, 4.429872464229431, 6.1485003529521105]]
['gl3d', '5857aa5ab338a62ad5ff4dbe', [-4.540748388106126, -3.057289001042456, -0.28435986634303584], [4.929811883031163, 2.9594909259871467, 0.2733642118942048]]
['gl3d', '5a3cb4e4270f0e3f14d12f43', [-4.201018262980986, -3.400001484088998, -2.171492767732127], [4.229385881758319, 4.460631077973488, 3.760957583955881]]
['gl3d', '5bbb6eb2ea1cfa39f1af7e0c', [-5.353701765787858, -4.6720488024605675, -4.764090467796839], [5.791366822241671, 2.2713740511271943, 2.659434074455847]]
['gl3d', '58829563f42b1d3ee3ec835f', [-4.4012760852037935, -3.170885945175534, -3.673873268771888], [4.250105073253738, 1.7394870056063274, 4.857986022468246]]
['gl3d', '585d6c8a2a57cc11d4920a1e', [-5.091307529333116, -2.8392610276436336, -0.08871279638848194], [4.401799986553206, 3.015320682613866, 0.09880441153113746]]
['gl3d', '586133c2712e2761468ecfe3', [-5.273533041904631, -2.4473907272242625, -0.15249534924357216], [5.282626612284797, 2.467160769524229, 0.1346256601054032]]
['gl3d', '5866445b712e27614692383e', [-4.489134725693361, -4.158630182753904, -0.30772275313977165], [3.971375157377848, 4.085781876993581, 0.35204583577430637]]
['gl3d', '000000000000000000000016', [-6.422240476668511, -6.663030713090235, -1.2387120726553045], [6.326160259225918, 6.6106893593526195, 0.3851237326405437]]
['gl3d', '5895d38f9a8c0314c5cfe50c', [-5.775741808083457, -5.217331715563035, -0.2428229138085959], [5.782929862386566, 5.265937678751481, 0.18997722773261777]]
['gl3d', '589df0ffb504a864ad63521a', [-5.883168998183435, -2.664746906335677, -3.5276100819522753], [6.8292641389331665, 2.6672396234944604, 0.09635745864157226]]
['gl3d', '584bc3997072670e72bfe58d', [-5.386606852241623, -4.996057476813273, -1.5508750756741674], [5.270360526552695, 5.506559492704335, 1.842577545365398]]
['gl3d', '5b62647143840965efc0dbde', [-3.502063462183605, -3.98223301006955, -0.2337559738536651], [4.411208127263887, 3.7963020215105123, 3.7167640650610716]]
['gl3d', '586375c9712e276146907429', [-4.442340407827865, -3.6715666072070334, -2.5189126170382847], [4.676357663109546, 4.009704413241056, 2.4038820104339482]]
['gl3d', '5898b1bac9dccc22987b7f74', [-5.541186607615505, -32.51836671456252, -24.140596938388654], [2.9082436481814318, 2.8708891712399423, 66.0849167463016]]
['gl3d', '5b558a928bbfb62204e77ba2', [-6.562931934723382, -7.207351339373437, -0.18962774968042445], [6.857697859220309, 7.107540113340101, 0.1631384613096013]]
['gl3d', '000000000000000000000017', [-4.9030816566120246, -4.960241180484358, -0.27092231809655387], [5.1534611988405485, 5.073728372188837, 0.32684555609476984]]
['gl3d', '586b8f149d1b5e34c283497c', [-4.748907174766677, -7.748216701708287, -9.17993670736918], [11.470784355643206, 4.951351069772909, 2.5024374470103696]]
['gl3d', '588857f6c02346100f4ac09f', [-1.7306410667454692, -0.5673961816555685, -6.194518187683966], [1.099643578403808, 1.052594222755182, 4.135899962595332]]
['gl3d', '58634f7a712e276146905b3a', [-3.0217305830895542, -6.313186018226858, -3.8396764842303264], [4.171750385022868, 5.204435181776404, 2.5872765326597285]]
['gl3d', '58524a2e0e7012308944bcf3', [-5.435992120096922, -4.589992409211015, -4.536589883246279], [5.538043741670011, 4.696829315259373, 4.595317564520221]]
['gl3d', '59acd2f4b891807f439c8992', [-5.921506504669931, -2.125689783353315, -7.809523903808166], [5.887150104950028, 1.1638653255645721, 6.631539572222087]]
['gl3d', '584ba5977072670e72bfcc2d', [-5.680011632125537, -4.377092305234641, -4.40261895835179], [5.614553683285909, 4.733412209685637, 0.47993526701526]]
['gl3d', '59da1fb88a126011d0394ae9', [-4.9245967440281895, -3.3652178264544306, -3.5387520028085477], [4.891338219478852, 3.7924810992956473, 3.160825337275141]]
['gl3d', '565fb1dead14d4154dae2b94', [-5.124356935533292, -1.012239173197751, -3.0938854254354635], [4.96036740564608, 1.5316912072235984, 2.861670216063216]]
['gl3d', '000000000000000000000015', [-0.8574833972479939, -4.7791393493820316, -4.682267520842161], [0.6543041184908495, 4.493597357674222, 2.9024553680068133]]
['gl3d', '5896bb989a8c0314c5d086b6', [-7.0737973318178895, -3.605926021683147, -4.401602818208431], [5.713997427861367, 3.5641629676142443, 4.609252726350251]]
['gl3d', '5863edf8712e27614690cce0', [-5.410543635503589, -5.415222651252549, -0.18434538749755108], [5.463737582345427, 5.483478086717644, 0.3104574519477909]]
['gl3d', '586d55af9d1b5e34c284a999', [-2.5945532334782047, -4.374091286281847, -1.9394560260821732], [4.3999309327786325, 4.6817791181610104, 1.7258294895428823]]
['gl3d', '584be5ed7072670e72c007b3', [-0.4487545018689849, -7.839715035125325, -0.1134729194518019], [1.19984732543912, 2.1264789624627216, 7.6255436933816485]]
['gl3d', '589c24527dc3d323d5577126', [-4.710770672098208, -1.9223420678461836, -3.7835907788488075], [4.662023281038326, 1.913396498299541, 3.682299301925647]]
['gl3d', '58a1d9d14a4d262a170b58fe', [-4.344376584540449, -3.2089015744559597, -2.587670386719843], [4.664121450579684, 3.1950177588267965, 2.7998748867581855]]
['gl3d', '585bb25fc49c8507c3ce7812', [-4.603470439613785, -4.206726298013957, -0.19921453034512865], [4.624277967684701, 4.212110635857299, 0.19071387491699382]]
['gl3d', '58a1a7914a4d262a170b1101', [-5.805903566424644, -3.560329126270953, -3.7431925609136414], [5.358558032030189, 3.4813291394832455, 3.961633170974623]]
['gl3d', '58a0dd1a3d0b4542479a28f3', [-0.22973148531710746, -4.079009650784266, -0.703986306615771], [5.149296147111691, 6.246559193425274, 2.6055890934297086]]
['gl3d', '585ffe9a712e2761468df643', [-7.351571146368489, -6.1432287439494795, -4.770264240506769], [6.9491043212490915, 4.171064220715439, 5.140501134913363]]
['gl3d', '5ab6af12ac4291329b1072ab', [-5.50853643312371, -3.910088093720442, -3.925973318346479], [5.819071955075512, 3.8984791703487254, 4.027619080616606]]
['gl3d', '589cad71b896147a1b73b565', [-3.615683612264932, -2.474938676046951, -0.17777624001071676], [3.341015215666086, 4.702691971586882, 0.1154071507365741]]
['gl3d', '584af003fe3cb463906d0e9b', [-5.535318072007914, -5.353239818443429, -0.19665088282952442], [5.624138626375627, 5.7388623481761565, 0.22512730670395498]]
['gl3d', '5692a4c2adafac1f14201821', [-4.250761187484071, -1.8835239149299239, -3.240625950338092], [2.9669417391950903, 1.6789641789104468, 2.6934654832422056]]
['gl3d', '588084032366dd5d06e59e82', [-3.950855631944457, -4.045223191697869, -2.5541485456384274], [3.9312256944368364, 2.7570729617361898, 2.8146235105194846]]
['gl3d', '587c45192366dd5d06e2c0eb', [-3.4760974361704418, -3.900638069203768, -0.09588021941124125], [3.6108884997486235, 3.9560732364433786, 0.18007944587474206]]
['gl3d', '5bfe5ae0fe0ea555e6a969ca', [-6.029114498522252, -4.12787833998358, -4.09868882012895], [5.516993479516641, 4.1402958421507785, 4.107270126019794]]
['gl3d', '591cf3033162411cf9047f37', [-5.192639272177863, -3.5786682840076645, -0.9154256665419943], [5.456582839387731, 3.3494950122526186, 0.22157617959253287]]
['gl3d', '58ca7014affdfd07c70a95ce', [-3.306805900022433, -3.5658467732190724, -3.6547359954591503], [3.639836087158669, 3.753781024046319, 3.9646870474843534]]
['gl3d', '5bf26cbbd43923194854b270', [-6.040460966867798, -4.3602849001676525, -4.734230093228717], [6.811061849116945, 4.941015315929784, 4.370022872661606]]
['gl3d', '585559d9804be10585238ddf', [-6.499838059081911, -5.139921273049594, -4.146064029370345], [6.473872877761644, 5.075926672999313, 3.981767242904231]]
['gl3d', '5a48ba95c7dab83a7d7b44ed', [-3.860559945172368, -3.5305414931524437, -2.3726916653657253], [4.167717802797961, 4.958674564652027, 3.9768642136798262]]
['gl3d', '5895b8c29a8c0314c5cfd051', [-0.7872702152083946, -5.969109157643366, -0.1440765404174119], [0.6037191338666221, 4.026373488191135, 5.749487396442981]]
['gl3d', '5afacb69ab00705d0cefdd5b', [-5.472695414711021, -4.613475550553432, -0.384126116993001], [5.88085742836152, 3.954489531263337, 1.0560075420184496]]
['gl3d', '5a69c47d0d5d0a7f3b2e9752', [-2.5729173090775648, -4.339894850101135, -3.5654481802242493], [2.3353053759426916, 3.5223038307082835, 4.272283464429624]]
['gl3d', '587e2ea62366dd5d06e41f2e', [-4.96918618666952, -5.9897148646229, -3.4502212173750784], [4.483260969430627, 6.1661054803207795, 3.248029289869297]]
['gl3d', '5bf7d63575c26f32dbf7413b', [-4.917017065616773, -3.322146552406411, -2.4420475853686203], [3.154990525490077, 3.263242013444907, 5.82567316593523]]
['gl3d', '586cd0779d1b5e34c28403a7', [-2.1210763274860898, -10.17110573668306, -9.993607520435692], [2.671537981953735, 6.057301842374838, 6.3433001836699505]]
['gl3d', '584a7333fe3cb463906c9fe6', [-4.623335845802032, -2.964448106514909, -0.31405381000454313], [4.703103664193117, 3.000353948751197, 0.4249603542022505]]
['gl3d', '5882cda2b116682b4adebd25', [-4.135957492940543, -4.97306115388417, -3.801853487676753], [5.1544574138710795, 5.350907625529207, 2.198117004625355]]
['gl3d', '58a2a09e156b87103d3d668c', [-1.0897907800361772, -6.486013509224305, -0.47001829980958293], [0.57036071404091, 3.5708177780304657, 21.88346220579029]]
['gl3d', '58933bac9a8c0314c5ce3508', [-0.09286879391922712, -1.9187077739995888, -3.3659300918194615], [0.07619764164648554, 0.9808139857137093, 6.202987792071991]]
['gl3d', '5bf18642c50e6f7f8bdbd492', [-5.007034144475366, -3.596219864382568, -3.2312890101680924], [5.50177522389084, 3.2365111193792617, 2.2221637942528525]]
['gl3d', '584b9a747072670e72bfc49d', [-5.059431065499044, -3.278992901258052, -0.3807909859975824], [6.2169370106364505, 2.9023661712286444, 0.4704578813913471]]
['gl3d', '58654563712e276146918643', [-6.440876891594836, -3.405242293372914, -0.18159962682439618], [6.425660936920258, 2.9054910640614073, 0.07511939529833411]]
['gl3d', '000000000000000000000019', [-4.527306715880588, -4.510636802690106, -0.10070070255555767], [4.673568273969547, 3.1518216031697075, 0.19587501625192844]]
['gl3d', '00000000000000000000001a', [-4.529897058008877, -4.404491663137509, -0.16454978456784103], [4.4182973941626225, 3.6123643815291495, 0.4602423460105091]]
['gl3d', '5882372c8ce2c2754d076af0', [-6.237501217532694, -3.5334318300127396, -4.421606822422065], [4.845780898172569, 1.884722099802919, 3.718322645810592]]
['gl3d', '563de9bfba4f35d92bd2d07e', [-3.203316914423744, -5.649362272476509, -0.14259994670955195], [3.2346822546219465, 5.066106126543203, 0.23149264019901966]]
['gl3d', '5859341ab338a62ad500848d', [-2.4338744397127705, -3.809948771283932, -3.9940921153501048], [4.430591042399676, 4.061034321614869, 3.94282640912096]]
['gl3d', '584aa8e9fe3cb463906cc7d0', [-2.7192412257277767, -6.7049355658222805, -0.311209857982338], [3.575410884541007, 6.165993473187131, 0.25041070560914286]]
['gl3d', '589145ef90414422fbeb2e08', [-5.839840919156088, -5.107395803586847, -3.2511244631380833], [4.656072938181184, 4.421204703691272, 2.697194196609796]]
['gl3d', '5c1b1500bee9a723c96c3e78', [-4.063685212228422, -2.9983842400933423, -2.9966629344025653], [4.054661333148036, 3.645722444551296, 5.247898086778773]]
['gl3d', '5890330d90414422fbeaa0cb', [-0.10619090078391702, -4.792708530613829, -1.4207991058131515], [0.10619089902545185, 4.792708395276464, 1.4207991039405123]]
['gl3d', '5861d8ea712e2761468f3cb3', [-6.86545427805007, -5.9862509726075945, -0.2472634030030083], [6.704172390750054, 6.326102494538641, 0.288294497049818]]
['gl3d', '588c08d590414422fbe8200b', [-7.074072905858172, -4.325314533324175, -2.9697485417595564], [4.365770973001488, 2.8945744332435757, 4.5464326336937955]]
['gl3d', '589c300f7dc3d323d5577926', [-0.17889565660030282, -5.7928251319459125, -1.7080488302850263], [0.30483179109678793, 2.929325988305455, 3.159197617334847]]
['gl3d', '586d8a029d1b5e34c284c948', [-3.8309151967170654, -4.3498109333514146, -0.1787449113798627], [3.6851851299349314, 4.219373866584863, 0.33079686750588727]]
['gl3d', '58651bcc712e2761469166dc', [-6.667953681366319, -4.975352383816571, -6.859313572694505], [5.724537143042451, 5.5693844971579765, 2.523850361901936]]
['gl3d', '58977ef09a8c0314c5d17b26', [-4.788982620857525, -3.0384010501657284, -3.146105832946539], [2.62452483558426, 3.6508621935419825, 5.0467970822528]]
['gl3d', '00000000000000000000000b', [-3.820752293045383, -4.318350377401498, -0.42051952908257695], [3.813226582260499, 4.297956591597154, 0.5470138164471422]]
['gl3d', '5891383290414422fbeb249a', [-7.337721925578268, -3.369735498626775, -3.5264011037300143], [7.461468901640721, 4.436029330593465, 2.8130250344458037]]
['gl3d', '587cec702366dd5d06e37862', [-1.993801976910886, -1.2881438763371833, -4.982456877444675], [3.6714034960814823, 5.115172437494579, 3.9304917713004417]]
['gl3d', '5b3b353d8d46a939f93524b9', [-3.6232211267501295, -2.232765838207937, -3.4360237150600335], [4.632653154030039, 3.57408160674936, 4.679707703138637]]
['gl3d', '585e34302a57cc11d492be30', [-5.9816767984857995, -3.344581208556338, -3.834566893539198], [8.89585508592355, 2.9184832151483553, 2.8761412090843015]]
['gl3d', '5a2af22b32a1c655cfe46013', [-5.182715726201329, -5.379153574177263, -5.1012233475584114], [4.26350933771907, 4.079882358207339, 0.4524953751341852]]
['gl3d', '5acc7459a7853c4b5ebbef59', [-4.132707779703403, -2.659380822505401, -2.7392052258629818], [4.278884087624425, 4.872378871641898, 4.927191399667709]]
['gl3d', '58a01dea38486e3c98475871', [-4.957145322953296, -4.11671845129615, -3.5136629786179348], [5.014693756273911, 4.365125752738178, 3.372462096887524]]
['gl3d', '58eaf1513353456af3a1682a', [-4.273608084976865, -3.609711814804402, -3.8778137285155108], [3.574220530329199, 4.171854869549831, 5.550571083069621]]
['gl3d', '58669aad712e27614692834c', [-4.609428357185033, -6.305302492777205, -0.10872135609851027], [5.707186331111925, 4.378082735934977, 0.2256311902923567]]
['gl3d', '58881ccab791366d617ad4ca', [-6.428332888518268, -4.356882376948866, -4.279738803262923], [6.539304285115773, 4.530210310555529, 4.244216078142011]]
['gl3d', '58500b007072670e72c35588', [-3.739290812748, -2.382837501074904, -2.866059323971984], [3.7697616685860136, 3.0567694556210006, 2.314876431986991]]
['gl3d', '58592854b338a62ad500750a', [-4.2955448589706124, -4.819494326432274, -0.8274166619790129], [3.7816325096155055, 5.068029193290728, 1.063228944326949]]
['gl3d', '588457b8932ba84fbed69942', [-4.056994163187174, -2.841165578319823, -3.4419949732622457], [3.996204486007266, 3.1199049701832884, 3.9190747547747926]]
['gl3d', '59521e0b9096412211c2aa9d', [-6.182166028158038, -3.3145753476859374, -0.239681242062299], [1.7089681849300258, 4.248699206595799, 6.102860929785772]]
['gl3d', '5866500d712e2761469240fd', [-5.663392511519808, -5.169355323517322, -0.4339948666693609], [6.225673629258704, 6.105792503112939, 1.930750165220004]]
['gl3d', '5bfc9d5aec61ca1dd69132a2', [-6.903569492429121, -4.969741596525351, -4.823762960091086], [6.873566777838772, 4.853845630348664, 4.732518474102005]]
['gl3d', '5bfd0f32ec61ca1dd69dc77b', [-5.445361574129881, -2.6188785509101558, -2.291258432413212], [5.112672061812485, 4.936695408517706, 5.3514269338616485]]
['gl3d', '586669c6712e27614692597a', [-5.24320294362707, -5.306261653381854, -1.2903628091831023], [5.2648458114591925, 5.276074842524468, 1.3768900373892843]]
['gl3d', '587eb1822366dd5d06e45f29', [-5.629844272105841, -4.3480085832977755, -0.22689450585321816], [5.158886111000419, 4.668047502751089, 0.30052786352643146]]
['gl3d', '588e0d8c90414422fbe8f8b2', [-0.06933335683677268, -2.7926898078165974, -4.14681535157341], [0.0693333570467711, 2.7926899885964835, 4.146815205938668]]
['gl3d', '00000000000000000000000d', [-3.6393212627371625, -4.198363420784132, -0.1636816365382366], [3.6240040321835805, 4.515133334488278, 0.2529763988297953]]
['gl3d', '5b192eb2170cf166458ff886', [-4.422014229708955, -4.405997847992888, -1.7882066389961124], [4.401360292607527, 4.893324239627539, 3.1122739075224977]]
['gl3d', '5aa0f478a9efce63548c1cb4', [-5.024701417145364, -7.202726369772117, -0.20128410111729217], [5.087062488567597, 6.994728456279838, 0.22137184117189362]]
['gl3d', '5a533e8034d7582116e34209', [-4.722874851027728, -4.652491644176915, -4.70864205474416], [8.707937189823365, 3.5815555746092853, 3.953850858746025]]
['gl3d', '586922da9d1b5e34c2809ff3', [-7.280597752645913, -4.121790165017775, -3.8982034043240095], [6.082791835032843, 4.480553481242045, 3.543857666966069]]
['gl3d', '588e35e690414422fbe90a53', [-4.764333311704404, -3.2561815187461742, -0.18295957132472732], [4.933353400632535, 3.4428978031762956, 0.15041113797589623]]
['gl3d', '5be3ae47f44e235bdbbc9771', [-0.19079842405396794, -4.7465265038745095, -0.0008830746904272873], [1.130644164784609, 10.766872132220191, 0.0015505257507930467]]
['gl3d', '58497cdf97b73e0b090c4273', [-9.054275518037976, -4.1327084790673645, -2.738773687284729], [5.973054188902879, 2.877552968377461, 3.401286288969014]]
['gl3d', '5bb7a08aea1cfa39f1a947ab', [-4.190899303620231, -3.9012257539039084, -2.5915475215662735], [3.115803001387774, 3.193274767004118, 2.990593512729645]]
['gl3d', '5858dbcab338a62ad5001081', [-1.2491737166865762, -9.250287180831139, -4.746057096167884], [1.4159159215814245, 3.916422179502974, 1.5758596591650098]]
['gl3d', '5854c405804be105852330fe', [-6.214822526653692, -4.201672958367512, -3.134813937157162], [4.723724817366559, 3.452569078642012, 4.487725525679473]]
['gl3d', '584ba35f7072670e72bfca4d', [-3.1366505608423845, -6.96095699527401, -0.10602942259066699], [3.1963070235213618, 6.9508960085340785, 0.12875568400228646]]
['gl3d', '58851ebb932ba84fbed7abad', [-3.9094969023236454, -4.106345606590835, -5.582013046785823], [1.6467791668449632, 4.870164268699239, 7.360835749573568]]
['gl3d', '588c203d90414422fbe8319e', [-5.82619485598767, -4.219308628879519, -0.3978455310598671], [5.865700655036761, 4.177783317243239, 0.36471857836342153]]
['gl3d', '59f363a8b45be22330016cad', [-3.628032008714761, -1.8919803245249727, -4.20634077176159], [4.322964542665165, 1.6842159125104714, 3.64405849810076]]
['gl3d', '5889e754ec4d5a1c088e60ba', [-4.525239543156028, -3.681411812334648, -2.835022765244868], [4.1849417057744125, 3.142822392612443, 3.057809134780546]]
['gl3d', '5880b3692366dd5d06e5d534', [-3.2346523659886777, -4.549567892904089, -0.17543981728846983], [3.182743758912251, 4.998372185622137, 0.14627116481977134]]
['gl3d', '5864a935712e2761469111b4', [-2.084581182710303, -1.9270826891170367, -3.0160150716458936], [1.1264666499560179, 0.9751516857962289, 5.998762270998231]]
['gl3d', '58a41819156b87103d3e92a5', [-6.04402770224339, -4.984767281566749, -4.103198176629502], [6.076432443887181, 4.9656689776696865, 4.0091268688304895]]
['gl3d', '58a186444a4d262a170ae3ae', [-3.8863693654023637, -4.051278076971488, -0.7296935872845824], [3.8211507636628657, 3.9912086390877244, 0.7254365687726914]]
['gl3d', '5950206a41b158666ac50506', [-4.914534367641903, -2.6891148697576437, -2.8029216479197605], [4.597952757522675, 4.195174243814965, 4.971448317061576]]
['gl3d', '5898b31cc9dccc22987b82ec', [-3.667978125518935, -4.288510562593388, -0.14627867543424636], [3.938569873286711, 4.286621417763957, 2.0086617739932655]]
['gl3d', '585f9661712e2761468dabca', [-5.7064346745665215, -3.979626099259338, -5.182514759667834], [5.917368153601373, 2.2089842498735544, 4.766556959839805]]
['gl3d', '5883535e932ba84fbed5ad07', [-3.96038642764757, -6.680411353305045, -6.372635486225572], [4.730933193134127, 3.6157009390472163, 3.163416218265162]]
['gl3d', '588f095190414422fbe9c1ee', [-0.5530742678490377, -1.714543347991314, -3.2883834134835395], [0.2776611960931038, 0.8764163377173493, 6.334339954455158]]
['gl3d', '5881fd268ce2c2754d072141', [-1.5664601686082051, -2.425286494902548, -2.9904292005017203], [4.9978802795170285, 5.2196987072685, 3.8158839628503243]]
['gl3d', '567884f58d2828b95e3c8eba', [-0.05791439613528063, -0.3004718927360037, -3.8020652246970594], [0.05372211575038451, 0.1937436609644427, 6.310632845490422]]
['gl3d', '584b81747072670e72bfbbfd', [-2.9477625962172973, -4.9839574016075305, -2.772091142385955], [7.452219610549111, 4.18732379751687, 3.0586038806828184]]
['gl3d', '5bff3c5cfe0ea555e6bcbf3a', [-6.55376232271897, -3.8621335026990216, -5.3852093369748975], [6.705651490608972, 3.8008062131038023, 5.505513226120541]]
['gl3d', '585b34afb338a62ad501e836', [-5.196999023211992, -6.963470243027465, -0.3509703401318968], [5.094107152195667, 4.949507257337185, 0.6391222091197845]]
['gl3d', '58625f42712e2761468fb44c', [-4.409478747063743, -3.0840492476166483, -2.3918246898822004], [8.983674518441696, 1.6721717455079532, 3.552076626013979]]
['gl3d', '5647cd57f6a56ad84409c873', [-5.628991625355264, -5.572725384667119, -0.3978336142913989], [4.607231347945433, 5.254096614361173, 0.36041500437464036]]
['gl3d', '5865dcfc712e27614691c0ff', [-4.449831985322672, -2.0941242307421777, -2.583622822565777], [7.086379890510748, 2.8383180983005887, 2.7543574099748187]]
['gl3d', '5890641690414422fbeabbe7', [-5.467502647061903, -4.6465983683437315, -0.3796696015784223], [5.507934343966183, 4.671584489167576, 0.3573096884475357]]
['gl3d', '586c9fdf9d1b5e34c283b657', [-5.676283959426447, -3.912635463343575, -4.318346216054061], [5.940954683719573, 2.7139965988981523, 3.4540373333276806]]
['gl3d', '589b04287dc3d323d556a185', [-4.466109952606478, -5.641542297286638, -0.25515534314022426], [5.712169541302346, 5.851350136922007, 0.12786811455003236]]
['gl3d', '58a2d9c3156b87103d3da90f', [-0.1483810482777695, -7.587895569052956, -0.003278100361601373], [0.19026595493699971, 7.439908387647632, 0.015375432284818353]]
['gl3d', '59817e4a1bd4b175e7038d19', [-4.186531160974747, -3.5164642893510165, -2.999393114321535], [3.7501271547884474, 4.009958738054767, 2.925425864188348]]
['gl3d', '58818685dfb7a15588a11626', [-4.411998812269937, -3.4353544926814874, -2.8745472507432726], [4.728605578743597, 3.068155744190231, 3.3820679062339796]]
['gl3d', '58590e55b338a62ad5005662', [-4.2925537477341935, -3.338870446199884, -3.8343739633238547], [3.815469252537898, 5.279011343066484, 3.654020167429615]]
['gl3d', '5867f4b8833dfe3f7b892c08', [-5.417939081700197, -2.815093223413511, -3.575290793913152], [4.668206958006815, 3.3327438980928097, 4.122634414839538]]
['gl3d', '5a8aa0fab18050187cbe060e', [-1.8775505904869232, -3.2844522568147982, -3.1723334543159396], [2.0399322390455352, 4.655346876791289, 3.887868321574182]]
['gl3d', '58970fd09a8c0314c5d0e383', [-3.575267801047343, -3.544976845417822, -0.16877099702658122], [3.7342733715400898, 3.7022283162287963, 0.21974385273060967]]
['gl3d', '58524f170e7012308944c200', [-7.047918831405253, -3.1380376014767855, -3.3828250801324757], [7.012000012922593, 3.011150401462579, 3.4891360807817406]]
['gl3d', '58598db2b338a62ad500bc38', [-4.529009314096207, -4.766816196490699, -0.4547567413838094], [2.29830175850171, 3.5241937192929234, 3.83617936278895]]
['gl3d', '584bd5587072670e72bffe39', [-0.6149764170840273, -7.453167824787507, -0.027052855012411017], [0.5860990657618333, 2.5349628856578503, 4.154467005116546]]
['gl3d', '586a94939d1b5e34c2823b5d', [-5.483505577452787, -3.090837974073678, -0.041644227795904744], [11.468496081006256, 7.3001341748891075, 0.07536535220010812]]
['gl3d', '585e54c72a57cc11d492f71a', [-5.819469022533138, -4.766511048559566, -0.43807352684992035], [4.370294665558217, 4.260392401518939, 0.5244245169568668]]
['gl3d', '5863915b712e276146909135', [-2.655992574191945, -5.5828960796737785, -0.26074969674493015], [2.773239447865125, 5.6266375809950295, 0.6036073475114453]]
['gl3d', '58529a4e0e70123089454c6f', [-3.377536774835417, -4.551642088385887, -0.1138723057534382], [3.429755818482518, 4.554453809802507, 0.25513137026703914]]
['gl3d', '58873cabb791366d617a65a7', [-6.612317164517399, -5.227917521209568, -4.37602735969045], [5.940243887028028, 4.954444145739703, 4.669171525071605]]
['gl3d', '587e5cb52366dd5d06e4486e', [-9.290271855015487, -3.967456417545122, -1.7356829875205597], [4.20892218889414, 4.173167190354259, 1.8142499726109522]]
['gl3d', '588cd5ef90414422fbe8875c', [-3.773540169797197, -4.306251382229495, -0.6000068234102904], [3.805004334839109, 4.27268696715101, 0.41883513127273536]]
['gl3d', '5a9e5df65baeef72b4a021cd', [-6.456075720438189, -3.943106045083249, -5.0436211317851285], [5.922260410665041, 4.248621988284279, 3.0747299354810904]]
['gl3d', '58a4452f156b87103d3ed55b', [-0.746072040598397, -3.7049790149720687, -1.8175938483747556], [11.235821328141764, 4.727154203881639, 1.6363550541503438]]
['gl3d', '588a9c5fec4d5a1c088ec350', [-5.548415689563598, -6.884250485239379, -0.3880499697741642], [5.9293245124376766, 6.990273295904054, 3.4696893957537025]]
['gl3d', '5897d59d9a8c0314c5d1b4c9', [-3.5027035934724005, -3.7877991490051364, -0.29441872091085014], [3.682518614066189, 3.6656589665573316, 0.19356979837743302]]
['gl3d', '58592d69b338a62ad5007a74', [-4.319207036447516, -4.618794564537815, -1.4073899159932608], [4.599832778653355, 5.011354814151693, 1.2453729870388481]]
['gl3d', '58a1f5d74a4d262a170b65fc', [-2.7650674231388654, -7.070168426031466, -0.44274771267335594], [3.821302576626823, 6.300311221199147, 0.4893644161828978]]
['gl3d', '5b37189a35304b6f75e7583e', [-4.386341581691961, -3.2820058387909348, -4.622428744705778], [4.766234527451617, 3.8774390620216153, 4.575805604900182]]
['gl3d', '586d6d249d1b5e34c284b80e', [-3.3885141855835164, -4.041011197295457, -1.7150829173957867], [3.9782821599595235, 4.288282312413749, 1.6148722896263144]]
['gl3d', '584fe07f7072670e72c32e59', [-2.665541831822635, -4.92651438142505, -1.9215990702906218], [4.726762530213581, 5.430486909945178, 1.6574176965777108]]
['gl3d', '5947719bf1b45630bd096665', [-4.326435642745097, -1.4304083213831527, -3.9149749262524516], [5.7783045223952225, 1.383224089450291, 3.559288304223418]]
['gl3d', '00000000000000000000001d', [-5.166448708631892, -5.091308140959241, -0.07729318903720388], [5.3491803341369515, 4.357795274110222, 0.07562775012697938]]
['gl3d', '58647495712e27614690f36d', [-3.1387434162963594, -4.640443828338316, -1.341462068055288], [3.058530199768536, 5.103726332218266, 1.2274958595563485]]
['gl3d', '00000000000000000000000f', [-3.1285582303050123, -5.741028336806103, -6.586193708699967], [3.9303339314539136, 3.878706642803523, 6.756439532961638]]
['gl3d', '5865f4a8712e27614691e39b', [-0.9139191483994348, -1.7158855657104808, -3.201006001212459], [1.7987840471131062, 0.8818326273964401, 6.066847146298132]]
['gl3d', '588cf0ad90414422fbe8a20f', [-0.2741950814860827, -0.4279391733900382, -3.458441342242204], [0.5258875564625356, 0.7925117017477789, 6.606008604390945]]
['gl3d', '58522bd56789802282f2ecb3', [-4.576448530783803, -5.717390052444423, -0.3329404350783761], [6.06937508027452, 5.112486889028764, 0.4096262303383601]]
['gl3d', '5864da88712e276146913d8b', [-5.462433891701458, -4.41879838266371, -0.22700868557866372], [5.436434791068534, 4.541994896607797, 0.2912293336988096]]
['gl3d', '588cce2190414422fbe88520', [-2.048804130102038, -5.070302840216723, -0.17595864047839732], [2.0647420661056417, 6.401293248735818, 0.1817282648515807]]
['gl3d', '587c87d02366dd5d06e2f989', [-3.728392052444749, -3.8795234433120696, -0.04138039242359422], [8.929558644404032, 6.487479076578298, 0.057926525098173184]]
['gl3d', '5a2ba6de32a1c655cfe51b79', [-4.384101823091249, -5.375914307344043, -5.913146546837212], [8.457083902551702, 5.8398443966624995, 10.096433007238067]]
['gl3d', '000000000000000000000013', [-5.854305308472375, -0.08331294084904957, -0.738981136226503], [9.231626890874313, 0.23681608364559217, 1.5699057862825831]]
['gl3d', '584fdffd7072670e72c32dc7', [-4.93921932134742, -6.045502781804066, -3.7595128947002374], [5.931527963733568, 5.2542673977573084, 5.194852230838245]]
['gl3d', '588315c60db9bf59bf8aa928', [-3.747835421536385, -5.537893195917811, -0.1501275783621588], [3.0572584202808417, 5.2130858630269685, 0.06433573698209033]]
['gl3d', '5be883a4f98cee15019d5b83', [-1.378713807626516, -4.734144852198835, -2.9548023047335343], [0.9777402680365468, 3.345140488584416, 4.56751700490132]]
['gl3d', '589b4fa57dc3d323d556df67', [-6.401066708818452, -4.958386486693893, -4.175826180415421], [6.51555333545641, 4.9830886107074495, 4.048951039687449]]
['gl3d', '5855a4fc804be1058523bd75', [-3.7957233267207937, -4.8065038832774345, -0.32943988825238013], [4.0950048552274065, 4.899801771320834, 0.35059036050179776]]
['gl3d', '5bf03590d4392319481971dc', [-1.33236671997779, -4.04331011087373, -3.5435057380217785], [1.0501179335081645, 4.740932777673877, 2.8446467780726894]]
['gl3d', '586389c9712e276146908da6', [-5.529811695709788, -4.859391933300856, -0.17054270281662776], [5.269340023589068, 4.368408898011065, 0.16718887393142606]]
['gl3d', '599aa591d5b41f366fed0d58', [-1.4289227133356375, -5.253596127372122, -3.203174021360177], [0.6690737063571733, 2.539003127540419, 5.356379760386995]]
['gl3d', '5895a6a89a8c0314c5cfca7c', [-4.217586466036312, -4.897576794425492, -3.5650441602385654], [4.75418778641768, 4.228139588969936, 4.40014607503944]]
['gl3d', '58831d060db9bf59bf8ab98b', [-3.339219225705768, -4.782982949129339, -0.2577485162719585], [3.383009450974687, 4.833826029359332, 0.37591328253414324]]
['gl3d', '58a3f2f8156b87103d3e5838', [-4.472887387188284, -4.517007817878318, -3.63086392491669], [3.585458778928204, 1.874478742731972, 3.6714058773664413]]
['gl3d', '584c9ad27072670e72c060c5', [-1.9547131994338656, -5.82336714445099, -0.1519421425219103], [2.029684336305979, 5.918783312841896, 0.23732170970562178]]
['gl3d', '58938e6d9a8c0314c5ce726f', [-4.092186039346435, -3.958532872537103, -0.8951527517620685], [3.2048997906520666, 3.030273571951175, 1.6104259670475172]]
['gl3d', '5a562fc7425d0f5186314725', [-4.387285546891661, -3.3915572809218997, -2.5694912940550614], [5.377427721393176, 4.884735827702374, 5.169247732089564]]
['gl3d', '58586810b338a62ad5ffc20c', [-5.351585680685284, -5.183099079841259, -1.067675431714597], [3.0355216091944848, 4.350681309672862, 1.5618476073980296]]
['gl3d', '587c97a52366dd5d06e30a96', [-4.322460179937193, -4.0410075223508635, -1.6813537098488698], [4.322917153440266, 3.7307674672286515, 2.051822676476004]]
['gl3d', '000000000000000000000011', [-5.063139201444284, -2.1616910701291587, -2.84104689411518], [5.613665763675442, 3.6391560396957567, 3.471147246767369]]
['gl3d', '585ee0632a57cc11d4933608', [-4.126583332584762, -4.494344339808673, -1.4485460577873261], [4.077876322619803, 4.4611091677582655, 1.5496110717626725]]
['gl3d', '5841206219d291325678ca90', [-0.44856669574423264, -0.6669058469276523, -1.3806625315728913], [0.4397364605427696, 3.380284895601108, 7.720500153212837]]
['gl3d', '58568c9a804be10585240b03', [-5.691335366671168, -4.359016701095472, -4.509187152400019], [6.230185916790557, 4.230398188322592, 4.681067357580243]]
['gl3d', '588159582366dd5d06e66877', [-2.948333601165248, -3.414198319148253, -2.122162975154341], [4.649737239196484, 1.9816505592603975, 3.328618596085607]]
['gl3d', '5c1dbf200843bc542d8ef8c4', [-4.238367837742517, -3.49745789204264, -1.876238792711184], [4.687233353187673, 4.584347843397353, 3.3899676799214364]]
['gl3d', '586b8f629d1b5e34c28349d6', [-13.623065420162032, -6.226619654470193, -5.461820852661235], [10.337257223004864, 5.146715120292384, 3.5320322458188365]]
['gl3d', '576fefa017ce5a16397e87fd', [-6.538594400915403, -6.699001548518808, -1.9821912018939973], [7.699074717830506, 6.386237112955166, 0.6064200981839614]]
['gl3d', '58a464aa156b87103d3eec04', [-5.267920308270802, -2.16424435319166, -2.163638676487373], [5.548141451199466, 2.0979031530602943, 2.22614096615877]]
['gl3d', '5b2c67b5e0878c381608b8d8', [-3.7591299131963782, -3.5515448819540487, -4.218012282776075], [3.5886002362616733, 2.2528664157617424, 5.434343178326894]]
['gl3d', '586d27489d1b5e34c28453af', [-3.6676961892209152, -4.687508463027031, -0.24850083127323985], [3.8491178970805864, 4.738181232159106, 0.10683704327925422]]
['gl3d', '586c4c4d9d1b5e34c28391a1', [-4.171821538529704, -4.1659608437675235, -3.884558095033736], [4.120829920797597, 4.305749107683309, 1.8946472434997235]]
['gl3d', '5bc5f0e896b66a2cd8f9bd36', [-2.0111501084197516, -6.856861512612682, -3.7615063153411037], [1.6035906397941868, 3.2974354143020332, 3.62416395295681]]
['gl3d', '00000000000000000000001c', [-4.657389196073179, -1.7813216775924194, -0.21320704198778073], [6.5295654505413845, 1.8261389693977113, 0.4132112432735698]]
['gl3d', '59338e76772c3e6384afbb15', [-4.793329935204811, -4.750288477966689, -1.9836001369641987], [5.05356817990167, 4.6075578459407085, 2.050215430093314]]
['gl3d', '5897076e9a8c0314c5d0d31b', [-0.1372036624263691, -6.442376454655558, -0.2426521439070892], [0.268057619850236, 3.5414183605064204, 0.1568492909791143]]
['gl3d', '5acf8ca0f3d8a750097e4b15', [-8.023607641553369, -3.0266497319646772, -14.090097403405041], [6.663092803411027, 2.4965367669264205, 2.751374470950086]]
['gl3d', '584bc53c7072670e72bfe85f', [-4.247586309143061, -1.8108843952640716, -3.5116198591805423], [4.394386699906059, 3.0434058480771418, 4.34324723230655]]
['gl3d', '000000000000000000000004', [-3.871246539001107, -4.325947685288412, -0.13491294243393223], [4.006018662740305, 4.379521730434351, 0.082472615831622]]
['gl3d', '586c48329d1b5e34c2838e80', [-4.328335884496229, -2.669148350532816, -3.9657748856897816], [5.529646699785099, 3.518150658010465, 4.3858256517862895]]
['gl3d', '59f87d0bfa6280566fb38c9a', [-4.176134563516998, -1.9901934128903989, -3.3500730802164123], [4.601822890748862, 1.7493742149430012, 3.224896128740501]]
['gl3d', '5881fee18ce2c2754d0723f8', [-3.036736072953382, -4.341574926018937, -1.7243207789540003], [3.1056691703020913, 4.528641534480163, 1.672046436311667]]
['gl3d', '587bc5ec2366dd5d06e262c1', [-4.795028587843865, -2.6178105159350116, -3.4125486349516936], [3.6156078091527597, 2.348341774527094, 4.15824534126324]]
['gl3d', '591a467a6109e14d4f09b776', [-4.225592200742297, -1.262458649745575, -4.228758289214824], [5.20477885162473, 1.5982968374663653, 4.228186805388261]]
['gl3d', '5ab8713ba3799a1d138bd69a', [-4.390292001470362, -3.2145200240958123, -3.003104907929265], [4.493747635948998, 4.231038580178044, 4.103880143373637]]
['gl3d', '5891d0479a8c0314c5cd2abd', [-4.090510922392356, -4.064698888749467, -0.3049106240428155], [4.56056464670723, 5.255816613763499, 0.10205452407806717]]
['gl3d', '5a7cb1d6fe5c0d6fb53e64fb', [-6.17171617708917, -7.002746555202571, -0.23000057719348319], [6.194843080677472, 7.03881520063559, 0.19170266620158807]]
['gl3d', '5a57542f333d180827dfc132', [-2.2830191199835173, -3.6633072165789473, -1.9279012881535103], [1.0195253704027347, 5.312807377096939, 5.705053546398627]]
['gl3d', '58594deab338a62ad500966a', [-4.742187434274651, -6.204965072509725, -3.8336843760537467], [4.134282638308223, 11.921731493074045, 2.1818816950015973]]
['gl3d', '5a8315f624b8e938486e0bd8', [-6.057680831049092, -6.616094923856561, -3.2175295545565636], [6.40548270509388, 4.705480757519263, 2.571729166264052]]
['gl3d', '5891ecf19a8c0314c5cd490a', [-6.341939433015893, -6.349866702178192, -0.3823015771893777], [5.298888454414175, 10.10015668142691, 0.33813509757241317]]
['gl3d', '59e75a2ca9e91f2c5526005d', [-3.88267617761305, -2.6726241163088007, -1.7244837759217553], [4.658170022205088, 2.281572846377737, 2.956654991992421]]
['gl3d', '5c189f2326173c3a09ed7ef3', [-2.0782849227823017, -4.218229980561112, -4.020254042921782], [2.5797602002705085, 4.031996799878548, 4.250889148369175]]
['gl3d', '5c1892f726173c3a09ea9aeb', [-4.29667836635815, -3.2517536929441557, -3.93792980448566], [4.766602433977166, 4.457988628856089, 4.310545476928455]]
['gl3d', '5885bc5296fa095e0671a7f0', [-4.140476280226474, -3.540368207288228, -3.535906517602308], [3.7841425966544566, 3.495088895157389, 3.22033182773481]]
['gl3d', '58951cb49a8c0314c5cf4d5e', [-4.34090591530707, -4.63970296410667, -4.044214540517381], [4.154321148001701, 2.492745833249365, 2.567384976105029]]
['gl3d', '58f7f7299f5b5647873cb110', [-4.097453812883515, -6.895703319377924, -6.77610479871202], [4.3679163901637645, 3.1603960069823773, 3.0767826459562575]]
['gl3d', '5714cc9631bb9900425bb820', [-5.273859459096273, -5.931975802202961, -0.2512656020654726], [5.743372262158592, 5.91288702796596, 0.2166307296304564]]
['gl3d', '595979485ec6a95e86a58c8d', [-5.1626038529515546, -4.040751689692506, -3.855554210556421], [5.9135196758709645, 2.5530948401863247, 5.546797507618311]]
['gl3d', '5859d84fb338a62ad500e5cf', [-3.844815654767771, -3.404195677591085, -2.7447031221368143], [4.788622812579003, 3.6349505829368765, 2.856881802004471]]
['gl3d', '5b3b2b9e8d46a939f933fdc0', [-2.211295719993725, -4.502338379131884, -3.40041323296733], [3.533732719452422, 3.64355836145277, 4.617935047955408]]
['gl3d', '56f34064e296120e10484dc4', [-5.335768747812031, -0.22675905023647425, -0.001581978221328869], [15.109291694811288, 11.252548566224197, 0.0010996751777733232]]
['gl3d', '58577c60b338a62ad5ff1564', [-4.304327984371175, -3.6292388748887574, -0.11695767633909003], [4.2835917226937035, 3.7037673858169375, 0.17315713081961578]]
['gl3d', '5856ae8b804be10585241bae', [-2.3947723346366945, -2.674801963909827, -6.935546148682716], [2.304125323871781, 3.8762071182576356, 3.856048706927362]]
['gl3d', '5866fd10833dfe3f7b888a45', [-2.301384840949584, -5.951487316295948, -1.6313919056988686], [2.3675130645041507, 3.995321806704481, 3.2101439249149464]]
['gl3d', '5a6b1c418d100c2f8fdc4411', [-13.188946891927488, -3.6294206970554597, -3.6880565652970336], [10.941381194376216, 3.5652606361592767, 0.9781244313224906]]
['gl3d', '5aa1196ea9efce63548ed649', [-5.080128778933702, -5.957078455450193, -0.5722176299938538], [4.874543199165124, 7.958340552361558, 1.9353940781421117]]
['gl3d', '5a563183425d0f5186314855', [-3.7371302528395183, -2.6040418675145447, -3.408912038803314], [4.03902513615237, 3.1643596001915544, 3.306586221227978]]
['gl3d', '5856b460804be10585242059', [-4.491157174552886, -4.468343509121177, -0.23031304348938608], [4.266759322721499, 3.941221420740079, 0.23488892054637536]]
['gl3d', '586281d2712e2761468fcaa2', [-5.121716709309464, -2.6862401938569467, -3.779257865526666], [5.120360220802821, 3.7930502567238564, 4.741501384125179]]
['gl3d', '5b22269758e2823a67a3bd03', [-4.114104329346733, -4.520835827239705, -2.551975214262618], [4.057593568155938, 4.295548235844818, 2.568749302931066]]
['gl3d', '5be4ab93870d330ff2dce134', [-1.8982299295460612, -5.598237356620888, -1.4345123870840928], [2.781193658319194, 3.1561691529795435, 1.6965565480646592]]
['gl3d', '5ba75d79d76ffa2c86cf2f05', [-4.943571636341468, -2.6338181946408756, -4.1335998104478024], [4.582047338852957, 2.5372428041319233, 3.907455335221504]]
['gl3d', '585bbe55c49c8507c3ce81cd', [-4.440876061911025, -4.903588986735077, -0.29029450519143746], [4.317534738731432, 4.918798335602586, 0.3378344610068541]]
['gl3d', '5bea87f4abd34c35e1860ab5', [-5.337006817287553, -4.65624904741678, -2.0885154033756406], [2.591127243377804, 5.881893370626733, 3.84691501031476]]
['gl3d', '5896ebf39a8c0314c5d0a8c4', [-3.658026313167125, -2.742339793309882, -2.37783808566745], [3.8488398941069435, 2.9048980968543843, 2.4152146414048397]]
['gl3d', '5bd43b4ba6b28b1ee86b92dd', [-3.5437265517576306, -2.952049713383213, -3.570965276482585], [3.831127020178696, 3.149090517328395, 3.805961288973675]]
['gl3d', '58676c36833dfe3f7b88b7f2', [-2.9108125141038417, -4.00764913975034, -1.4414100057403698], [3.007161608711089, 3.874819878170619, 1.394930066523005]]
['gl3d', '59397e493a87372f2c9e882b', [-5.278416196232669, -4.912966802503079, -3.7386248174500847], [12.016088444821614, 3.200660776013845, 5.229097225133917]]
['gl3d', '586a37ec9d1b5e34c28184fc', [-1.6538017875340851, -4.596517820562252, -1.0662854836909945], [1.6538018866536657, 4.596517659269197, 1.0662854879649764]]
['gl3d', '588824d1b791366d617adeef', [-7.136837076821842, -4.145356422201337, -0.2353579250898731], [6.591397282469067, 4.791525365692642, 0.24547580437991356]]
['gl3d', '58c4bb4f4a69c55606122be4', [-3.2415851263476037, -2.5659720075677495, -2.843059206214847], [6.452344483760888, 4.6851502965475555, 3.3896866417812577]]
['gl3d', '5888358cb791366d617af69d', [-3.387428075848133, -6.235505247101525, -3.5260568535872245], [3.4349394204809305, 5.0566722831220785, 2.895842019263316]]
['gl3d', '5c0d13b795da9479e12e2ee9', [-4.181690797942166, -3.132690381373784, -2.82388553654345], [4.2149770475673245, 4.052546830860028, 4.957784476153352]]
['gl3d', '58596531b338a62ad500aace', [-3.6510036123116807, -3.5571007253722238, -3.12587389053893], [3.693066585599399, 3.0395598742895387, 3.8281250371875704]]
['gl3d', '58c6451e4a69c556061894f1', [-3.7450647518514044, -3.7935609722249626, -4.385413759139083], [3.986590435420599, 3.4025410024003673, 4.843072140691215]]
['gl3d', '5890523090414422fbeab3f0', [-4.295253525994779, -2.860431454131163, -2.993878801273942], [3.5709202842726513, 3.7240467774591286, 3.6434756853565013]]
['gl3d', '584d19d47072670e72c0c6c0', [-0.21393611858401446, -6.471543532652303, -0.2221245683362173], [0.31077097167729717, 3.526151821621887, 8.734230179123452]]
['gl3d', '589ca6a6b896147a1b73aff7', [-3.5801636633909704, -2.6440933269121807, -2.212649892618525], [3.576084604168523, 2.8456457620849824, 4.2188648195409]]
['gl3d', '588e01c490414422fbe8ee2a', [-4.070678070415179, -3.4069420893796543, -1.3395976093031146], [4.0218472081396115, 3.6541791857665036, 1.3342495734469195]]
['gl3d', '5b78e57afc8fcf6781d0c3ba', [-3.603053133169801, -5.114412447238235, -4.803079709490472], [4.551308659629051, 3.307606127045582, 4.271259473620615]]
['gl3d', '5888e408c02346100f4b1a29', [-4.682916419696632, -1.4477264840185844, -3.8443598694191063], [4.270993080872346, 1.553215792458056, 4.745961807015665]]
['gl3d', '5a355c271b63f53d5970f362', [-3.869102670714913, -5.126251569911732, -1.4105650891540893], [7.20874602976315, 4.4811134709162355, 2.5534914309519245]]
['gl3d', '585203546789802282f2aaf5', [-0.8523616224912859, -4.809104480952502, -2.1450588413176366], [0.6751793463983282, 2.7039654995320284, 4.275252552439991]]
['gl3d', '58a44df2156b87103d3ee239', [-4.547915089870615, -4.125972360666354, -5.07077963660552], [4.5773774097072115, 4.11442561324592, 4.006027885216858]]
['gl3d', '5ae2e9c5fe405c5076abc6b2', [-4.29685284774061, -3.0311711906892063, -2.6176657794414564], [4.088585222662018, 4.744370665281399, 4.943172601880354]]
['gl3d', '5b6eff8b67b396324c5b2672', [-4.047434192447112, -1.989103379195538, -4.039124723743715], [4.416841592996132, 2.4938299546857263, 3.9327727690058882]]
['gl3d', '58678b2d833dfe3f7b88e244', [-4.746904907078755, -3.5158356071365793, -3.1422913094318154], [4.748951367850659, 3.4774115807691683, 3.210188716514092]]
['gl3d', '58660e79712e27614691fe3d', [-6.022641577317963, -5.766213673878105, -0.2780003939394831], [4.186388520682053, 5.868936981493204, 0.20979081966231455]]
['gl3d', '588185d8dfb7a15588a114a3', [-3.702813397714936, -2.172220300151044, -2.8287862810757107], [3.712127168194668, 1.8222046291207579, 3.4947872124337995]]
['gl3d', '5881d2bfb6844814c136a119', [-5.599680101361375, -6.299473744333478, -0.20975624404092283], [5.841766704370436, 6.384204464831887, 0.22584123436983441]]
['gl3d', '5644bdac138263b51db9f669', [-4.952283258724308, -0.5607825862936769, -0.007098213676972191], [7.183145922642994, 0.6388843056135649, 0.016599697070569866]]
['gl3d', '58a3ccb0156b87103d3e4332', [-5.049531440535365, -6.9194699488607725, -5.982128176855851], [4.576294479965674, 4.147098470936484, 3.9115362639268563]]
['gl3d', '584cea557072670e72c07fb4', [-6.530539923668197, -6.048354975729354, -0.12232568836109822], [6.180309854049663, 6.776324831624852, 0.3516399883842139]]
['gl3d', '58f73e7c9f5b56478738929f', [-5.233935386095593, -4.211568654808509, -3.8919099988744845], [5.333013090921869, 2.867413947233658, 3.5185064756210185]]
['gl3d', '5948194ff1b45630bd0f47e3', [-5.27087275499612, -3.958298829878431, -3.839244621118099], [4.773418230388691, 3.999579132338764, 3.9193162420889656]]
['gl3d', '587f365d2366dd5d06e4906e', [-4.599759983736225, -3.774153434292081, -3.588025155289306], [5.743909847585495, 3.863375367574521, 3.0257859584930875]]
['gl3d', '5892c0cd9a8c0314c5cdc977', [-1.749498294373741, -3.1470800556617897, -7.04935029303977], [7.262668634986563, 5.202167739715433, 3.4701915728790054]]
['gl3d', '5a572fd9fc597b0478a81d14', [-6.318487382861207, -2.306698331031796, -2.3860291091964108], [5.5418722717283835, 2.8490526387148747, 2.8879094148826225]]
['gl3d', '584bc4407072670e72bfe665', [-3.63540118146398, -4.996852525278191, -0.20768369723406083], [3.719845930142123, 5.14773234895026, 0.2700718484215836]]
['gl3d', '58894345c02346100f4b51ca', [-3.3872559329109655, -4.658187493163648, -0.611543491826152], [4.771818757917491, 4.047569400437919, 2.827647080183347]]
['gl3d', '586df9849d1b5e34c28506de', [-5.565867083092982, -5.153313008735289, -0.06469821088941898], [4.948446904905159, 4.26657991711301, 0.07844940539884537]]
['gl3d', '58524c1d0e7012308944bfda', [-6.197042518361989, -2.719708062484445, -5.23817373244073], [4.201150222305889, 2.982862793859394, 5.147330532842588]]
['gl3d', '5871ed70c9543f24a9011c30', [-4.175293173018086, -5.549391438035718, -0.11066995109767565], [6.649110632826448, 4.6635752584766585, 0.09720365885777632]]
['gl3d', '5bccd6beca24970bce448134', [-1.5251429509650243, -4.5315247042222175, -2.607537748129399], [1.7568803152813137, 3.6726354978955196, 4.431277560477401]]
['gl3d', '5af02e904c8216544b4ab5a2', [-0.045111750782794786, -3.8139385197434805, -2.7460931403571536], [0.024465338315198388, 1.9380793873878712, 5.433726187173256]]
['gl3d', '589c35457dc3d323d5577d8d', [-5.283309481846593, -1.389934055396953, -3.3001099350555587], [6.935905944126801, 1.6112657947563922, 5.001123193391254]]
['gl3d', '5a48c4e9c7dab83a7d7b5cc7', [-1.409693923398107, -3.6298983790118524, -3.7233804628146316], [1.3852831329967947, 4.245479237554578, 4.491200442360938]]
['gl3d', '584f94e87072670e72c2d3f7', [-4.74905993217375, -3.5996108447270445, -3.9076265866035547], [4.82277871156274, 3.728614772803577, 4.136114498271027]]
['gl3d', '588ae07dec4d5a1c088efc50', [-6.057791687995698, -4.995533541716131, -5.027001124464815], [5.262544902239662, 3.040042229689399, 3.8802309110001767]]
['gl3d', '5be3a5fb8cfdd56947f6b67c', [-5.3452541292076035, -1.2422261804185801, -3.3718618975364207], [4.743185070381687, 2.0121358265343567, 4.461523337898698]]
['gl3d', '586caab99d1b5e34c283c213', [-8.113008070097647, -8.135771639720588, -5.617212719813496], [6.502218752396887, 4.106438726138614, 2.5756432143073025]]
['gl3d', '585a217cb338a62ad5012b38', [-3.5766274134643283, -4.524804748643604, -0.15439745731123444], [3.6526952525860135, 4.561137860669857, 0.10746058934087922]]
['gl3d', '59f37f74b45be2233001ba18', [-1.8765319536194391, -6.319658917193362, -6.455912241709323], [2.4246057127583587, 7.014133016466274, 7.16604124015469]]
['gl3d', '5643df56138263b51db1b5f3', [-12.140940411252151, -3.804419370184673, -6.013573483113642], [5.634963798785042, 2.0526493264254246, 5.007456001056003]]
['gl3d', '586cfcd09d1b5e34c284282e', [-3.7775061646003896, -3.0406204664714234, -2.161541566677854], [3.6796668745458367, 1.90079933918283, 3.6492919063441573]]
['gl3d', '5ab7e00aac4291329b15864d', [-0.8783998272780631, -3.474476115419876, -4.3130025254529105], [0.7034802268177948, 3.914363060902804, 3.8494055588810903]]
['gl3d', '56d73ba74bd29b8c35abade2', [-5.773084842814705, -1.6727251357294841, -2.794596503699961], [1.4451034055480751, 2.5003975208803055, 4.118161701900288]]
['gl3d', '5a5a1e48d62c7a12d5d00e47', [-5.881366358039431, -5.39899001086151, -1.0431857565350504], [5.215660051149242, 5.013692019312748, 0.9707120436474677]]
['gl3d', '5b7a3890fc8fcf6781e2593a', [-6.2681914003242145, -4.641111749183419, -4.870893234699479], [6.549028784337425, 4.60442452940043, 4.835678019377443]]
['gl3d', '5c1af2e2bee9a723c963d019', [-3.3718567326837516, -3.877516380933133, -2.464281199209481], [3.259686922313365, 4.077390773898912, 3.735848499428259]]
['gl3d', '58524a080e7012308944bcbf', [-3.0741310637079513, -5.857491756768724, -0.3043173824990145], [1.8563485304022855, 3.0220042941748364, 8.25788501283525]]
['gl3d', '589f214338486e3c9846f123', [-3.6116236146227743, -2.9340999109487114, -3.4076286602301256], [3.6976049829423543, 2.337608004665281, 3.8090733877402605]]
['gl3d', '584e875c7072670e72c1ec94', [-4.649292457082299, -3.9085408423041477, -1.698427956296823], [4.5964779208277875, 4.973187853912363, 1.3439339478667005]]
['gl3d', '58897f62c02346100f4b8ee6', [-4.432278405469069, -5.275221170594359, -0.1546186316233608], [4.977830595373607, 5.9551026366212, 0.1332454780471179]]
['gl3d', '58a47552156b87103d3f00a4', [-3.8512675308023105, -4.15669735231495, -0.1432176847875334], [4.189922173497721, 3.8024565578337843, 0.23271350786717285]]
['gl3d', '5ab74bf2ac4291329b11e879', [-4.626455061620823, -4.048920626835118, -2.682666811620295], [4.372940353618555, 3.509086892793701, 2.440958090381994]]
['gl3d', '5beb6e66abd34c35e18e66b9', [-8.458038211090457, -1.1765749360027717, -1.5722796730660025], [5.716121974484315, 4.938349351842098, 6.383533349630992]]
['gl3d', '5a7d3db14989e929563eb153', [-4.121515976705984, -3.504816006497291, -2.1674569410303044], [3.179891646826212, 2.7828943804899424, 3.755917813683665]]
['gl3d', '588f017e90414422fbe9b74b', [-7.678712304748245, -5.581920857953792, -3.6820218865575027], [4.785398114228855, 4.186762544456088, 6.016059821805126]]
['gl3d', '5867785a833dfe3f7b88c764', [-3.402427276868505, -5.779455707719472, -0.7120739177220509], [2.514321792686493, 6.439534854667048, 0.23039291982900403]]
['gl3d', '00000000000000000000000e', [-5.059561091487292, -5.550296849666987, -3.1908529173319473], [4.307842875042207, 5.466954741026086, 3.175777026311714]]
['gl3d', '588305ed0db9bf59bf8a8c80', [-4.65529562632931, -5.45885123038879, -0.5846469465648751], [5.693286195388925, 4.854941537746138, 2.4367882223831483]]
['gl3d', '587cef0a2366dd5d06e379e3', [-4.601000802399593, -3.536015975207224, -4.798750782003541], [5.416223346463496, 3.081180204031118, 2.587028255926709]]
['gl3d', '586b0e219d1b5e34c2828862', [-5.283413344509492, -3.39418121816414, -4.794341361866086], [5.691545917758755, 3.6675160528095923, 4.532211537003727]]
['gl3d', '5a77b46b318efe6c6736e68a', [-5.620226395417595, -6.777956851502698, -0.13288671163858468], [5.934326910545739, 6.640252447190417, 0.13718938861822344]]
['gl3d', '5adc6bd52430a05ecb2ffb85', [-3.6643820681244565, -2.751168938189185, -2.7715116083514415], [3.8698754377187408, 2.522983109780199, 3.2015214911142267]]
['gl3d', '000000000000000000000010', [-0.5951537469986125, -5.543986204742692, -0.31435288564436875], [1.948246609506757, 4.998232768825996, 0.43485746568655076]]
['gl3d', '59bf97fe7e7b31545da34439', [-4.171251006819388, -1.0606423049414513, -4.078262084404214], [4.0879691441781985, 0.6763636536810684, 4.329089874967906]]
['gl3d', '5b60fa0c764f146feef84df0', [-4.64093628475707, -4.5669246664862, -4.499435997151322], [4.577206136338905, 4.495356215141328, 4.482961032763377]]
['gl3d', '5a6464143d809f1d8208c43c', [-4.418094520277941, -2.0388142185018365, -4.289760767392922], [4.407381309351683, 3.120785974860745, 4.976133234874073]]
['gl3d', '5899e5dcb76d7a3780a4ecc1', [-4.734451259436476, -4.664995499434303, -0.20173553147971027], [3.711437971744843, 4.5791987841456, 1.2232737910980966]]
['gl3d', '587c1abf2366dd5d06e28901', [-5.25783406815043, -2.420728469681332, -0.2678648967002484], [5.274339691996497, 2.3897622394995817, 0.1766789668852652]]
['gl3d', '58805eac2366dd5d06e56460', [-4.362651359636231, -3.028700248139361, -2.072341233945685], [3.826287722469246, 4.254702417479448, 1.262712475092718]]
['gl3d', '000000000000000000000006', [-5.866078799974432, -6.0645656969961586, -3.2516417143521608], [7.338483320947331, 4.988283107133361, 3.22827791645284]]
['gl3d', '588ca09d90414422fbe871a1', [-5.860187897329222, -2.689659937783119, -5.1954016826244915], [5.732570518923794, 2.5889357206216537, 5.178802267515798]]
['gl3d', '586b7d7d9d1b5e34c283359e', [-0.3453605423690615, -1.1632705913180992, -6.526706372661649], [0.22627621156236694, 0.628525092089304, 3.2948361154319694]]
['gl3d', '58a160983d0b4542479a7347', [-5.323847585522361, -5.069333880192478, -4.843273527270859], [6.979340616250718, 2.9020044215049596, 4.35328883446189]]
['gl3d', '58a285424a4d262a170baf3e', [-4.837021375931497, -4.421342867446925, -2.4107602379460564], [4.441749611612311, 2.7133633049111676, 4.102122147212085]]
['gl3d', '5644d2bc138263b51dbacbde', [-7.244870274871924, -1.775521586637562, -0.031498195494991034], [6.492407465628312, 0.9290903681415806, 0.041137741189755106]]
['gl3d', '5a969eea91dfc339a9a3ad2c', [-3.562564376392645, -2.706473336668305, -3.7707286544895813], [3.5204041837962747, 2.5893046815972856, 3.846032123782187]]
['gl3d', '5aa515e613d42d091d29d300', [-6.087695504800338, -5.347766389165125, -3.985098041971783], [5.778857572224849, 3.9719517158365396, 5.586668315659357]]
['gl3d', '589765d39a8c0314c5d16b12', [-3.8147297071269732, -3.5445467670076165, -3.9740759495831637], [4.823773925544143, 1.9619000682595626, 3.72303542559945]]
['gl3d', '5aaadd4cbc13235570d178a7', [-5.405748276931617, -4.177555968744461, -3.9412160944130674], [5.521649826091708, 4.248622009122851, 3.8600728785248304]]
['gl3d', '000000000000000000000000', [-5.225024404677113, -2.6375161648873706, -0.40477711638306013], [5.276325135966919, 2.8473553003069196, 0.5977958337429137]]
['gl3d', '584b671f7072670e72bfaaf8', [-4.100606726223235, -4.119203634671761, -1.841374975968637], [3.9810223143082477, 3.9838921282616746, 2.565268743208148]]
['gl3d', '587e2b1d2366dd5d06e41af0', [-4.197145376744873, -4.175199895209164, -0.29562343509552436], [4.289495035980758, 4.075495330093124, 0.2627132450089703]]
['gl3d', '5899cfa6b76d7a3780a4cb64', [-3.3559061689915377, -4.831393102656487, -2.5638828002776655], [3.368410383445784, 4.112201381780729, 2.001678258323996]]
['gl3d', '5af545d0559359053d25dcf5', [-3.6971454477565944, -2.3941667644166738, -3.6219459283637847], [3.520889060729218, 3.889755796844012, 3.6452605363276747]]
['gl3d', '586326ad712e276146904571', [-0.6844592751516976, -0.10862664111420198, -6.624798585076368], [0.3596980927283076, 5.273884260166826, 3.348050184493555]]
['gl3d', '5af28cea59bc705737003253', [-3.819474830445994, -1.7742151216468498, -3.061802544096937], [3.599721579703587, 1.6290211208773433, 3.6268164035131516]]
['gl3d', '5b950c71608de421b1e7318f', [-3.514641965380991, -2.722688569178812, -3.0499793783187883], [4.457372387546995, 2.673983055593974, 3.98930207652878]]
['gl3d', '586082d8712e2761468e2877', [-2.9537426113035337, -1.5694600421229061, -4.18845248431418], [6.504101284682212, 1.5964611712152792, 4.450507910875663]]
['gl3d', '5bce7ac9ca24970bce4934b6', [-4.608785852335806, -3.0708343169008487, -2.115455837510167], [3.950499457778713, 4.714014251548171, 3.8879345338324196]]
['gl3d', '5856ac15804be105852419d8', [-3.63580270477663, -4.1966827272385006, -0.09483340003380579], [3.6300082348872507, 5.121762064580042, 0.09486517171726251]]
['gl3d', '5a618c72784780334bc1972d', [-4.88374125841295, -3.0808819311350235, -3.2111666198918116], [4.240153924722999, 5.362249698322362, 4.088683450306521]]
['gl3d', '000000000000000000000018', [-0.08030368446811144, -0.6288234354069515, -6.597576206244105], [0.1404496230172841, 0.3335411374085689, 3.353560644446645]]
['gl3d', '000000000000000000000007', [-3.229745718781852, -5.698385729786277, -0.19759916421001422], [3.6462873790504338, 5.034398010601073, 0.1845195332143255]]
['gl3d', '584c9cc67072670e72c063a1', [-4.370825202611462, -3.351479428604615, -0.17828844125944704], [4.273071195825105, 3.787773183237594, 0.11026528609552283]]
['gl3d', '5880e3422366dd5d06e5ff8e', [-6.058102182980785, -2.589631617803801, -0.7659177114083277], [1.8407256489222115, 2.9762572835527954, 3.2360323995340377]]
['gl3d', '586d40269d1b5e34c28484be', [-3.582206696671966, -4.423572600485545, -0.0060637021253003385], [2.2399926590540695, 3.8307876228382693, 0.005660757866566715]]
['gl3d', '588c989a90414422fbe86d96', [-6.2496600530874815, -6.276322308300149, -6.523888210286987], [4.4944566030432185, 2.7162916082884, 3.188867040360836]]
['gl3d', '585373640e7012308945cab9', [-3.827555459351675, -4.093615810703815, -3.4010638913660274], [3.9587799542337603, 2.5892904627798266, 5.25617732830754]]
['gl3d', '5c34300a73a8df509add216d', [-4.1207842357238516, -4.18062202794609, -3.781008935235976], [4.540511688529638, 4.0034722443340875, 2.9390583026461523]]
['gl3d', '588230658ce2c2754d076728', [-4.774610006302822, -4.586635270055496, -3.7357009722341807], [5.215805878873213, 4.720362225006801, 3.350238893369534]]
['gl3d', '58a3fc95156b87103d3e5d9b', [-1.6264548935519303, -1.5558731955624265, -3.116239779568984], [1.0160583570221404, 0.8255217307696178, 6.229672653081201]]
['gl3d', '5850d4f97072670e72c425d6', [-4.687926129359032, -4.073019416470507, -5.354927650636015], [6.977927818649917, 6.21490330199078, 3.4332168359974187]]
['gl3d', '585a206ab338a62ad501298f', [-5.186300612489554, -2.445240607043831, -0.1436126811700563], [5.226670737929206, 2.4014088491542642, 0.261987717210404]]
['gl3d', '59056e6760bb961de55f3501', [-3.949312362887897, -4.371549601797816, -3.5927512498838077], [3.645937795406052, 3.853197172010348, 3.9881915494867584]]
['gl3d', '5886d14cb791366d617a362c', [-3.963480591815559, -3.6621489484256604, -0.2675878753889237], [4.149193703659498, 3.8249304929345773, 0.285150258979606]]
['gl3d', '5b69cc0cb44b61786eb959bf', [-3.8194988241565486, -6.166837171109878, -0.2760391863417808], [5.405377254046542, 6.073642404198731, 0.21319864824866153]]
['gl3d', '5644b8bb138263b51db9cd99', [-4.132318200817307, -3.2285105610712317, -0.03334858892335344], [5.174055011253425, 5.472724259778804, 0.0562053671012337]]
['gl3d', '586496fa712e2761469108e7', [-0.16556328797447237, -2.821461597089782, -4.124553691445116], [0.16556329364916844, 2.8214615585849527, 4.124553908571261]]
['gl3d', '5b4933abf2b5f44e95de482a', [-4.125335857740827, -2.3932409511243056, -3.706136394323091], [3.9374922818003277, 2.401179180605501, 4.163127132569272]]
['gl3d', '5c1f33f1d33e1f2e4aa6dda4', [-2.65850208688894, -3.6844587388781402, -0.015080652436808763], [4.278325656092786, 11.785068965063287, 0.028690884938325105]]
['gl3d', '5a2a95f032a1c655cfe3de62', [-5.550297317312015, -2.074348643257889, -2.5218140235709905], [4.5505505048546695, 1.7253528323244032, 3.2494638731268055]]
['gl3d', '5a6400933d809f1d8200af15', [-4.369864455169008, -2.30927666970254, -3.3819069197648504], [4.1268081990703935, 3.7502314254676694, 4.668946304201124]]
['gl3d', '587c31b92366dd5d06e2a9dc', [-6.783819357253413, -6.789982678448547, -0.43972801083140595], [6.973502492570915, 6.8735634397452365, 0.30409183293595654]]
['gl3d', '5859b003b338a62ad500c6a5', [-4.046056855317837, -4.829552704553423, -3.0666351855604814], [4.735867283185121, 4.517568602483424, 3.3744201469534296]]
['gl3d', '586b4c459d1b5e34c282e66d', [-0.2248556102636182, -0.6334783645833673, -6.625341903434687], [0.12275888698949051, 0.3306475790727751, 3.322000813081193]]
['gl3d', '58873d44b791366d617a65dd', [-3.7540790973568625, -3.553437668078493, -0.4587427119077067], [5.920497813634378, 3.6701362633301793, 0.6272917450702085]]
['gl3d', '57177cd7fb8d93461afc4527', [-1.9634368930421688, -1.3475072290224033, -3.181055024311155], [3.8688029842162313, 1.2032535119720307, 4.531181904115128]]
['gl3d', '5898bbaac9dccc22987b8eba', [-4.212842971089016, -6.303928080558635, -6.306874205234402], [3.55595627329934, 6.136982706348759, 0.28428180612591075]]
['gl3d', '586c5b5b9d1b5e34c2839a5b', [-4.022387654835093, -4.015708448646005, -0.25623459496302714], [4.0673180146531305, 4.023093449467523, 0.21495840376748446]]
['gl3d', '5898b6ffc9dccc22987b8a03', [-3.365357319925203, -3.63564143687496, -4.982488172351443], [6.396013943961461, 3.424888291711717, 5.4091501287362]]
['gl3d', '591ea44850991c70dc99a207', [-3.737216158771142, -3.01461951241878, -3.20928209237706], [3.7277619285610677, 3.1087000101180555, 3.192057151362383]]
['gl3d', '00000000000000000000000a', [-4.696518801945263, -6.108085766935793, -0.03084561704143875], [4.094300640214906, 4.474005865092878, 0.07261846274570297]]
['gl3d', '5947b62af1b45630bd0c2a02', [-2.6075228114921445, -4.217336354256573, -4.137289454278746], [2.927935902233848, 4.96525241260174, 4.623087952113359]]
['gl3d', '5881f11d8ce2c2754d0714c3', [-1.0461312881855325, -3.3762319532661103, -0.03730637194150594], [1.5828441636693957, 10.666232279436096, 0.11216614691707222]]
['gl3d', '586e279c9d1b5e34c2852180', [-4.680054169732805, -3.572694572884498, -2.4840405210776484], [4.595179543851207, 4.6102098613361555, 3.5710560511787417]]
['gl3d', '567a0fb0a825d2fb79ac9a20', [-5.200536875441963, -0.7292163798427735, -2.0840360926095824], [4.767119746872354, 0.43628891407819065, 4.42919425395346]]
['gl3d', '58a439cf156b87103d3ec885', [-3.8834936895960013, -4.403745785956694, -0.7152203651066927], [4.075804627539556, 4.502122998549647, 0.7022845938248469]]
['gl3d', '5bf3a82cd439231948877aed', [-3.213490200910542, -4.559718343366103, -5.833353851708843], [3.2251355088755322, 4.940638603517882, 5.1155713568686325]]
['gl3d', '5892875b9a8c0314c5cdb686', [-3.4227247823682454, -3.2500399752396905, -4.080267534847864], [4.153861812612182, 4.0122928742991375, 3.222323200950891]]
['gl3d', '586913a49d1b5e34c2808b02', [-5.852063665108256, -0.2846507081323316, -0.4556863971937523], [8.113201374980276, 0.35308715618292524, 0.551080339162343]]
['gl3d', '5bb8a49aea1cfa39f1aa7f75', [-4.022555275101681, -6.0920960844934635, -3.6290522099300033], [2.877548290665333, 5.2434664217002345, 3.725814982007004]]
['gl3d', '5a3b9731e24cd76dad1a5f1b', [-5.067160978434744, -4.1475316561734505, -3.6335429420078453], [4.739532110679127, 3.9932852220732196, 3.036762570931974]]
['gl3d', '58564084804be1058523e116', [-5.983478893102608, -1.884402441222124, -3.425578949052147], [5.219923025419269, 1.476803428058184, 5.698269874424788]]
['gl3d', '5b271079e0878c3816dacca4', [-6.714766192259215, -5.405418241792421, -0.24668090887601646], [6.714515600985434, 5.404500197147761, 1.1009409587143437]]
['gl3d', '58790c82ce911104a3467c88', [-3.6274645644294137, -3.8834846815290396, -4.265943603572399], [3.4689373160605395, 3.584127606648994, 4.373208835124278]]
['gl3d', '5862388b712e2761468f84aa', [-3.6750763577292607, -4.7202619348894395, -0.31618128584244326], [3.6199860520298657, 4.8183638029312155, 0.3108835571697536]]
['gl3d', '5868cd15833dfe3f7b89bfa3', [-4.063265315673947, -4.979099271787228, -3.911796593499684], [4.531852036109595, 4.632565248064312, 4.709386976873424]]
['gl3d', '585289980e7012308945276a', [-3.9914572956412377, -4.985646461162398, -0.1983261304050567], [3.970738192664935, 5.038910322438867, 0.22836227720173205]]
['gl3d', '588de03c90414422fbe8e433', [-5.313834592702904, -4.291426719117953, -4.325005417511012], [3.789626588091876, 4.304737353886739, 4.387678507252824]]
['gl3d', '57102be2877e1421026358af', [-4.043484324066751, -3.292893950116609, -1.9931577540303977], [3.4018524770353267, 3.0841616518299717, 2.161318227535354]]
['gl3d', '589c3c497dc3d323d5578468', [-4.194221783690912, -3.9291205070457997, -2.6593721540969866], [4.56896909402851, 3.866428878957188, 1.4431444806767462]]
['gl3d', '588519d5932ba84fbed7a04a', [-6.47661081917685, -6.719179934888989, -0.3685602334166324], [6.459289214304485, 6.809255666782631, 0.3121490909304345]]
['gl3d', '58a0a2f33d0b4542479a11b1', [-2.3067906737419044, -5.862298795292254, -0.17104295422830174], [2.5359533846537037, 5.541827254711994, 0.12364960073013957]]
['gl3d', '58551bdf804be1058523556d', [-4.615471266445426, -3.9677767647395714, -0.5800044732134467], [4.747765848376748, 4.082622730875437, 0.44075849208178136]]
['gl3d', '5a0271884e62597cdee0d0eb', [-5.283007350441128, -5.359022220510152, -1.7860555779903042], [5.39007459725621, 4.782586953834483, 2.4316006340456515]]
['gl3d', '5b08286b2775267d5b0634ba', [-6.239515259003569, -6.167316811827547, -0.16756807340727606], [6.321050874802334, 6.409573612676567, 0.19056414411745626]]
['gl3d', '5bf21799d43923194842c001', [-2.2486846847318374, -4.182595472963396, -3.8828988857117386], [2.7222293236841004, 7.5968094115904155, 4.900775831552942]]
['gl3d', '5a4a38dad38c8a075495b5d2', [-4.537871082535739, -4.351824885999516, -4.201319569742912], [4.506964701803851, 4.2399258873238495, 2.431896308021372]]
['gl3d', '000000000000000000000012', [-2.3808410162743385, -4.18876927645156, -1.3363410039709835], [2.3808411699215606, 4.188769095490979, 1.3363410014895196]]
['gl3d', '5889da66ec4d5a1c088e5187', [-1.5032841908424814, -2.6231695809801234, -2.702639974609525], [2.946467059661494, 1.3249890276274456, 5.335503637986989]]
['gl3d', '587db5872366dd5d06e3e0af', [-6.252161289850255, -4.60423624757657, -0.13999942309351737], [5.294969540462026, 4.918937765485633, 0.13024321506066347]]
['gl3d', '58888b3dc02346100f4af665', [-3.6640822251191376, -4.887493981555469, -0.2545114801079698], [3.8090799283939702, 5.07231628835898, 0.20233540753543283]]
['gl3d', '589d95538fa2cf375df3317b', [-2.5474838754939646, -7.847924046593225, -4.8384564898239475], [3.0493893540030523, 4.894988075541537, 2.0261310749641495]]
['gl3d', '5a3ca9cb270f0e3f14d0eddb', [-3.9735292529882824, -3.2902366172688917, -2.686781423668563], [4.0640782799327875, 4.711228406340676, 3.892856046709605]]
['gl3d', '5aa0f9d7a9efce63548c69a1', [-5.748416150462314, -1.556749031786492, -2.5423134992568355], [4.723885907887674, 1.8042407066081234, 1.2962760298931046]]
['gl3d', '5be47bf9b18881428d8fbc1d', [-2.3657487819479712, -3.8812776228342574, -4.327867224202825], [3.182550537616729, 4.04430603308457, 4.143857040249906]]
['gl3d', '58a44463156b87103d3ed45e', [-5.2982250720748665, -3.8189624791744823, -3.810206651862873], [3.8759712217773292, 1.7778102173340538, 4.9095694519774815]]
['gl3d', '58a0365e38486e3c984783eb', [-5.022884536463047, -0.02757998952107161, -0.030209923886355416], [9.815787676304485, 0.17964407964817608, 0.039169956713120783]]
['gl3d', '59a8f851597729752c31e7e0', [-3.8541305202546523, -3.4370185998083818, -4.398423705981659], [4.618612697357213, 2.8878933021870097, 3.8853080253547088]]
['gl3d', '586d07869d1b5e34c2842e5b', [-2.7383487696875948, -5.566070511395372, -0.3614789741888156], [4.496536721031578, 6.7314496896753635, 1.6053017766053943]]
['gl3d', '5880675a2366dd5d06e570ca', [-1.9847652474868267, -3.443201742446117, -4.110037179502001], [2.987492380051796, 1.9922487593300944, 2.652546403985399]]
['gl3d', '5b864d850d072a699b32f4ae', [-0.10912389455170453, -5.065739306717305, -4.325019570585214], [0.28936483875839897, 2.7130710886960276, 2.3466741623678504]]
['gl3d', '589433fa9a8c0314c5ce9656', [-4.69428215512159, -6.2366623586947965, -3.7771598053205175], [5.218341213751194, 4.2412567886824, 3.62675072098109]]
['gl3d', '589aca717dc3d323d55671c4', [-2.107986185321119, -5.194208589496359, -5.1058262181273735], [6.718283568452329, 3.8166681108785583, 2.6422668714878]]
['gl3d', '5884cc13932ba84fbed71ec4', [-7.138107831622045, -4.112451644844885, -4.234867394960438], [7.165775961814149, 4.038868122075558, 4.34487729933827]]
['gl3d', '5aa235f64a17b335eeaf9609', [-1.8437915187325777, -3.0213764229229625, -3.620061910379992], [1.4906679450898193, 3.3445534779731694, 3.333808870357489]]
['gl3d', '589b49ea7dc3d323d556d9b4', [-9.434634723134428, -7.6299297612265375, -6.89707202342086], [6.56863070652866, 3.573250057013446, 3.786952615388609]]
['gl3d', '5888becfc02346100f4b0b21', [-6.66779683915589, -4.618699756852151, -4.706694518113458], [6.6654183218815755, 4.692697489233542, 4.640157603338179]]
['gl3d', '587c002a2366dd5d06e276d3', [-2.8150904080355272, -4.61655585499036, -0.2392046394797202], [2.6102466630009564, 5.243146712948037, 0.22560345561479134]]
['gl3d', '588b20d290414422fbe79f40', [-5.414708060823841, -3.9751554436185237, -3.7607343120925987], [5.392375297048841, 3.7820957357634843, 3.6520788027306623]]
['gl3d', '58669c02712e27614692851a', [-0.46326950391133614, -3.670255979643498, -3.363718525153204], [0.46326948140861407, 3.67025595408212, 3.363718492811733]]
['gl3d', '5890279190414422fbea9734', [-3.9078649085452577, -3.2254563647324477, -2.58646487266216], [4.940384885342976, 2.601663722916186, 3.3876319287529775]]
['gl3d', '5bf17c0fd439231948355385', [-4.153036257176216, -3.5881789172103353, -3.331521014350215], [3.2485670479088586, 2.392893414732962, 4.505202106022863]]
['gl3d', '59ecfd02e225f6492d20fcc9', [-1.8027121925228489, -3.0383220693434225, -3.6476617448810016], [2.063838540649754, 3.769449007184545, 4.309122794991718]]
['gl3d', '585834cdb338a62ad5ffab4d', [-4.841812274497233, -2.4726286221298914, -0.1755566762519052], [5.10069364437269, 2.4755321818087506, 0.13348545140510673]]
['gl3d', '588a34cfec4d5a1c088ea8d1', [-4.61659437127596, -1.5147177624715054, -0.0029075513517454027], [7.995467760266606, 7.657846828048939, 0.005478634409964771]]
['gl3d', '589af2c97dc3d323d55691e8', [-5.48465882481488, -3.4587006807846676, -3.8730755804638584], [5.338805462541441, 3.5510629937290905, 3.815614009689248]]
['gl3d', '59350ca084b7f26bf5ce6eb8', [-4.13539080394199, -3.4845957126196114, -2.4427821436874715], [4.398611753590299, 3.02826682080677, 4.086557016538762]]
['gl3d', '59d2657f82ca7774b1ec081d', [-2.681918518456224, -4.952424070432468, -2.7137695894480403], [4.480376589703248, 4.859548813730433, 4.5347163270556505]]
['gl3d', '5889e344ec4d5a1c088e59be', [-6.7629357181972445, -6.509175014940539, -0.18416322581671055], [6.727872468057183, 6.650592531800286, 0.20260958100121443]]
['gl3d', '5895f2329a8c0314c5d00117', [-5.1224894761464315, -3.82761736651695, -5.1829605368381095], [5.111253059627582, 4.451792280717088, 4.397417030391373]]
['gl3d', '5884c256932ba84fbed70bf5', [-3.450797951051224, -3.873716726583659, -3.2556203752560746], [3.5287355939497727, 3.7123728762008876, 3.155743027593358]]
['gl3d', '5a03e732454a8a7ec672776c', [-4.224618256566152, -3.433828509064382, -6.132696571169154], [4.68981388948256, 4.152318047433329, 4.4499688348861275]]
['gl3d', '000000000000000000000014', [-4.575841499724696, -0.23976922357324612, -1.2437798420941297], [5.003037203485412, 0.2071890492057978, 1.5926446468947524]]
['gl3d', '584e05667072670e72c17167', [-4.857160310812352, -0.7747417382328776, -0.028083314576539346], [4.963380067080984, 1.6323584560056263, 0.12220149191543372]]
['gl3d', '5ab8b8e029f5351f7f2ccf59', [-1.123500353884732, -1.5696748693082685, -4.612360165185752], [1.1235004566083309, 1.5696748616478142, 4.6123602086398945]]
['gl3d', '00000000000000000000000c', [-1.8847823063799172, -7.674224776166822, -0.8639016306947909], [2.3072745872348213, 6.801058711231831, 1.2616385510979145]]
['gl3d', '588332ee0db9bf59bf8ae9c3', [-6.037007954883414, -4.302070946261949, -4.405944686102502], [6.24235469817511, 3.8478828335256616, 4.672682507843014]]
['gl3d', '58664251712e276146923738', [-3.8164002326835225, -4.8653164451796185, -0.12214017685526227], [3.8141131048358035, 4.979500671850974, 0.130723967540774]]
['gl3d', '5bfd4233b1f9c130cd0e94a0', [-5.229449111195776, -4.028246568555641, -0.34825971822452684], [1.9525629681744452, 3.0226393588688967, 18.64990095573555]]
['gl3d', '5882d58fb116682b4adec7db', [-3.7699793880490318, -3.9808897425442438, -3.598053149696369], [4.6086677243520215, 6.037909685470198, 3.4162962390737293]]
['gl3d', '586a515a9d1b5e34c281b431', [-3.8405316138307795, -4.169190273180993, -4.2343640855666544], [5.613828912317058, 3.5652928220067737, 5.870082170626645]]
['gl3d', '58800b0b2366dd5d06e5312d', [-2.9746321634594173, -4.923800251743546, -1.1704537451655326], [10.89951133196361, 6.980932580913578, 2.1088219765962055]]
['gl3d', '57a4a7bb6b9272286e26dc18', [-5.749023909662873, -0.9552136256715327, -6.637842695842659], [5.6243559326457735, 3.1158234782409377, 6.386556386385864]]
['gl3d', '5a3f4aba5889373fbbc5d3b5', [-1.5209888891130523, -3.8468068093961465, -3.952924352363412], [2.2678599151238834, 4.192420266847892, 4.133966842412761]]
['gl3d', '5ab85f1dac4291329b17cb50', [-3.6429106844639034, -3.0477241717853976, -3.1389743324239725], [3.9145516301540226, 3.901877659077924, 4.87963588802196]]
['gl3d', '57153d4031bb9900425bde85', [-4.130680739303059, -3.9215072566137477, -0.5676987860464737], [4.133826765739885, 3.9233812131626498, 0.2888535133616034]]
['gl3d', '5983012d1bd4b175e70c985a', [-2.9491362262530867, -2.2997833863330905, -4.638018718680123], [4.201290756425285, 2.5193220412245387, 3.6471016340616305]]
['gl3d', '584bdadf7072670e72c0005c', [-5.194160486339922, -3.810450522417391, -2.030855963973202], [9.90000801686183, 4.1015141825715755, 1.198784516886412]]
['gl3d', '5aa7db90bfdd572271e95246', [-4.131348057940174, -2.859329648246291, -3.906060320130514], [3.6053140171148437, 1.869473919840666, 4.63269062756713]]
['gl3d', '5864b076712e27614691197e', [-4.705084773337779, -1.87133160897286, -4.816455730790567], [6.002031380933502, 1.5027616305054103, 4.211146386027221]]
['gl3d', '58623abc712e2761468f89b5', [-3.337182466316367, -6.711368925388698, -2.30185747145953], [3.8800187835953017, 6.2546675041486886, 0.9530336535224746]]
['gl3d', '5857acf8b338a62ad5ff5107', [-6.6251869491368245, -4.578235039944864, -4.737048492570634], [6.671483813563777, 4.555822077581476, 4.645296466477048]]
['gl3d', '5890c0e390414422fbeb01bb', [-5.223082758155018, -3.9933493808919067, -0.16282335099290107], [3.7394102187792013, 3.7139865282707567, 0.21045253547650228]]
['gl3d', '590c2d70336bb52a190be886', [-4.715782714078225, -1.3984272125375998, -0.8976598468204499], [4.7157827529382494, 1.3984272451982616, 0.8976598892620342]]
['gl3d', '000000000000000000000008', [-4.724198113216378, -5.715023398336641, -0.32605954895082695], [5.1371420927092535, 5.941221275068056, 0.18986113188974552]]
['gl3d', '584dfe467072670e72c1665a', [-5.1475866830280115, -3.765554800514668, -0.13523227755219477], [4.937451039344109, 4.11302506177287, 0.1353953219759853]]
['gl3d', '5c2b3ed5e611832e8aed46bf', [-4.232145532914102, -2.457922813455018, -3.4304164259063303], [4.0863558648803, 3.730878054679811, 4.24746866049513]]
['gl3d', '5867969c833dfe3f7b88e8bc', [-5.560069952763532, -5.648985219270498, -0.36066266655748996], [5.504028651319468, 5.814792787261974, 0.19638405861703961]]
['gl3d', '000000000000000000000001', [-2.313908106894941, -6.6381119344909445, -1.0851086166686255], [1.75171667542129, 3.4461261001728576, 4.553978520952747]]
['gl3d', '589ea316b504a864ad639a2b', [-4.372522176456801, -4.439714770630714, -0.16399365982857247], [4.308858733462636, 4.34792892659503, 0.11352293192289821]]
['gl3d', '589d5c58b896147a1b742256', [-3.8140098144533967, -3.4526186414829683, -1.2774949014019106], [3.9764657189820376, 3.394978400898315, 1.2895359558922128]]
['gl3d', '58854b22932ba84fbed7e406', [-3.5110959332067098, -2.6431482225278153, -3.583023648337008], [5.742001375285431, 2.1311449786327117, 3.1998568965953607]]
['gl3d', '5898ef2ab76d7a3780a42dfe', [-4.773794214150905, -3.357918146759107, -3.9205882717192995], [4.190865536964494, 2.241755681897289, 4.372826083954503]]
['gl3d', '586316e5712e276146903c4d', [-4.773169876354555, -8.530275041275685, -0.6960559001624804], [4.663925550569964, 3.930603541765622, 0.7938128195319147]]
['gl3d', '5c34529873a8df509ae57b58', [-3.5420104015577034, -2.5196850913083595, -3.1288311301760836], [5.436335435953877, 5.22538614472846, 4.159317250236071]]
['gl3d', '5a752d42acc41e2423f17674', [-4.752031334124141, -6.361090376296354, -5.060073957550172], [6.714975141374636, 4.686420340219152, 3.7352946041477835]]
['gl3d', '589fdfe738486e3c984736cf', [-0.028622942795773394, -3.4700700112543985, -2.246904901494863], [0.0486602186874644, 5.898048960739777, 5.01491249251244]]
['gl3d', '589d1e1fb896147a1b73ee5b', [-3.2341983063239166, -3.943160269836777, -0.10117631297637664], [3.47355698026223, 3.9957258535345384, 0.14188774681030325]]
['gl3d', '58676903833dfe3f7b88b1b8', [-5.629638596840123, -1.8062599481332844, -0.1776193126677525], [5.268288516308058, 2.1653672127180785, 0.14902707434962204]]
['gl3d', '569b92eb826bcba945ca002b', [-4.176950690218699, -2.8865528550056214, -3.8974521380088865], [3.9746697311384716, 2.9902680069104575, 3.7089187978868505]]
['gl3d', '58592046b338a62ad5006b33', [-2.8397375337730586, -5.818269010833699, -0.547549510480003], [2.538053261346726, 5.787358882403591, 0.5494447870152277]]
['gl3d', '584ad76bfe3cb463906ce6dc', [-4.885887108367066, -2.1059834649219975, -1.0169721850673956], [5.78865205068756, 5.8921105341975855, 1.9455003675221152]]
['gl3d', '59102c811225725be9e64149', [-4.984326591590925, -4.0360873970254785, -4.933604988310042], [4.922631587045294, 3.9767565128202094, 5.164329317133221]]
['gl3d', '590f91851225725be9e25d4e', [-3.547659953441457, -2.277235626390264, -3.1952596432165814], [4.027261287847481, 2.3191725458841153, 3.588462497531205]]
['gl3d', '585369770e7012308945c709', [-5.055596791660283, -3.5541328158340977, -0.21834067047648484], [5.0982234321053275, 3.5965531195554443, 0.19460156662677677]]
['gl3d', '5a48d4b2c7dab83a7d7b9851', [-3.6260418070102514, -1.4466772428134675, -3.0758001740771377], [4.6256605318542094, 1.6561756167473691, 4.742414200662631]]
['gl3d', '588081912366dd5d06e59a2e', [-4.468138143213387, -3.1204258974469905, -0.012228256238020338], [9.573675021797673, 11.71894696511955, 0.05009548480354234]]
['gl3d', '588aff9d90414422fbe7885a', [-5.004514352646067, -4.627814467992643, -0.118130064791215], [4.829726224543252, 4.4166658247304, 0.34687796599975845]]
['gl3d', '588ab5bdec4d5a1c088ed60f', [-3.5456444491617205, -6.143841641141945, -0.2559238754593589], [4.406401344282428, 6.138176647061905, 1.8365382423265657]]
['gl3d', '588a9fabec4d5a1c088ec6a0', [-0.789458425970508, -4.237294313084484, -3.8872077096868733], [9.269043691939862, 2.8730623021973964, 3.135794274368607]]
['gl3d', '564a27b26d07883f460d8ab0', [-3.483902054865228, -4.297895862283349, -1.0078041848663086], [3.8749017268556787, 5.300429514971628, 1.1523457506082784]]
['gl3d', '59f70ab1e5c5d366af29bf3e', [-1.9084595298936304, -12.099047474190662, -4.788772147087548], [2.487492073186829, 6.265505336890137, 3.9517832793014906]]
['gl3d', '5880f0ef2366dd5d06e6166e', [-5.182398430848008, -3.2417351455034713, -1.8938753488423714], [4.671328504566188, 3.2307484351160776, 2.0243009787672905]]
['gl3d', '5b908d3dc6ab78485f3d24a9', [-1.8249854562131222, -4.200844445031212, -3.2824437287800072], [2.9203495520616425, 4.154499320977615, 4.02030029240646]]
['gl3d', '586abc689d1b5e34c2826360', [-6.088981821353969, -3.483439877603019, -3.8453514291368074], [5.170785886168857, 4.065940683129756, 3.1643816012217267]]
['gl3d', '5bcf979a6d5f586b95c258cd', [-3.4112655599403565, -2.9364310296051355, -3.465134916256921], [4.111295972767836, 1.5506793815473883, 4.05932025279143]]
['gl3d', '5a588a8193ac3d233f77fbca', [-0.4057592038722602, -8.650802724640265, -4.893912936707433], [1.2931797013963102, 8.77728790288109, 3.2782051694898273]]
['gl3d', '58871dc3b791366d617a55ff', [-3.379035443510533, -2.862591617410615, -3.4977836470647268], [3.710351453183299, 2.230411109242272, 4.346226145131873]]
['gl3d', '58a3f6c0156b87103d3e5971', [-0.7305743874647513, -6.497188414694072, -0.15686589709979212], [3.9435248864444525, 5.862235383820964, 1.6514603804722268]]
['gl3d', '5b6e716d67b396324c2d77cb', [-4.206323628623745, -1.2008502050690373, -3.3121730188195837], [3.4367685130960646, 1.1895585908818196, 3.7837063987174937]]
['gl3d', '589dc549b504a864ad63073f', [-6.682494669137626, -4.347350599642738, -3.997766310446354], [6.754048829518631, 3.8470665423047343, 4.517696337955872]]
['gl3d', '589b44a27dc3d323d556d4d2', [-13.828474310813588, -6.060644433254039, -5.944551013311423], [5.094092208162844, 4.707659333122908, 3.103291243365174]]
['gl3d', '000000000000000000000009', [-6.507716458865794, -2.9752351394251035, -0.15944846015612282], [5.610463142427069, 2.198984242586464, 0.18649831913522374]]
['gl3d', '5867a434833dfe3f7b88edaf', [-5.271953582625795, -4.167219521468726, -3.4066044890337595], [5.947846904160743, 3.9189606117927096, 4.058098885678424]]
['gl3d', '5858db6cb338a62ad500103b', [-4.561723494046178, -4.605151110065415, -0.4436445311135556], [4.723851263452484, 4.746992032567695, 0.36795998688869774]]
['gl3d', '589ec97cb504a864ad63adc3', [-6.466506376514729, -5.212760750150056, -3.5263290549106396], [4.364681074160221, 1.8402566435104433, 7.340264161911017]]
['gl3d', '58a164f73d0b4542479a7a8e', [-5.167473973504837, -4.427017750650586, -3.917346877324445], [4.335814241434062, 3.2288181309093407, 4.546950455747049]]
['gl3d', '00000000000000000000001b', [-3.298657243498563, -3.7783376754264526, -0.18848950458347566], [4.442523947293697, 4.612262138084891, 0.3219339168102021]]
['gl3d', '58574b35804be105852455fd', [-5.677362639406851, -3.619962868768938, -5.800200427739613], [6.0547719861086975, 5.309632105051219, 5.549407701261308]]
['gl3d', '5891d8ae9a8c0314c5cd30ab', [-6.272824158604971, -4.153501302919353, -1.7757768356391233], [6.403414324723976, 3.829880789700749, 1.8585257231287355]]
